Half-degree cell series of precipitation
Centre Latitude:              6.25
Centre Longitude:           -75.75
CRU TS Version:               4.08
Units:                     mm/month 

  Yr  Mo     Value   N.Obs
1901   1     60.00     1
1901   2     83.90     1
1901   3    111.10     1
1901   4    138.10     1
1901   5    210.90     1
1901   6    107.40     1
1901   7    243.90     1
1901   8    401.50     1
1901   9    180.20     1
1901  10    349.80     1
1901  11    320.80     1
1901  12    121.20     1
1902   1    186.60     1
1902   2     72.30     1
1902   3    217.60     1
1902   4    183.10     1
1902   5    176.50     1
1902   6    123.10     1
1902   7     94.00     1
1902   8    150.20     1
1902   9    200.80     1
1902  10    209.90     1
1902  11    203.80     1
1902  12     84.30     1
1903   1     76.10     1
1903   2     74.80     1
1903   3     83.20     1
1903   4    198.80     1
1903   5    215.60     1
1903   6    298.10     1
1903   7     95.30     1
1903   8    391.10     1
1903   9    178.20     1
1903  10    185.10     1
1903  11    250.50     1
1903  12    179.00     1
1904   1     98.60     1
1904   2    102.50     1
1904   3    220.00     1
1904   4    279.60     1
1904   5    277.00     1
1904   6    120.20     1
1904   7    173.80     1
1904   8    167.00     1
1904   9    165.30     1
1904  10    300.10     1
1904  11    122.10     1
1904  12     83.70     1
1905   1    121.10     1
1905   2     50.80     1
1905   3    100.80     1
1905   4    210.30     1
1905   5    245.30     1
1905   6    175.40     1
1905   7    137.80     1
1905   8    120.00     1
1905   9    307.70     1
1905  10    265.20     1
1905  11    305.30     1
1905  12    227.10     1
1906   1     61.50     1
1906   2    104.40     1
1906   3    111.40     1
1906   4    283.70     1
1906   5    263.10     1
1906   6    244.60     1
1906   7    213.40     1
1906   8    178.30     1
1906   9    109.80     1
1906  10    276.30     1
1906  11    194.50     1
1906  12    111.60     1
1907   1     74.70     1
1907   2    145.70     1
1907   3    269.10     1
1907   4    299.90     1
1907   5    235.00     1
1907   6    201.90     1
1907   7    283.80     1
1907   8    189.90     1
1907   9    255.90     1
1907  10    237.40     1
1907  11    185.10     1
1907  12    133.80     1
1908   1    137.70     1
1908   2     88.20     1
1908   3    177.20     1
1908   4    185.20     1
1908   5    150.00     1
1908   6    142.50     1
1908   7    187.00     1
1908   8    243.30     1
1908   9    268.50     1
1908  10    443.20     1
1908  11    203.00     1
1908  12    196.40     1
1909   1     88.90     1
1909   2    148.10     1
1909   3     59.20     1
1909   4    212.00     1
1909   5    309.20     1
1909   6    222.00     1
1909   7    344.30     1
1909   8    252.80     1
1909   9    193.80     1
1909  10    244.50     1
1909  11    182.50     1
1909  12    116.60     1
1910   1    213.50     1
1910   2     86.40     1
1910   3    281.40     1
1910   4    174.20     1
1910   5    467.30     1
1910   6    251.70     1
1910   7    169.50     0
1910   8    169.40     1
1910   9    268.50     1
1910  10    369.30     1
1910  11    172.20     1
1910  12    199.80     1
1911   1     99.00     1
1911   2    161.40     1
1911   3    146.80     1
1911   4    284.40     1
1911   5    259.60     1
1911   6    179.30     1
1911   7    175.40     1
1911   8    130.60     1
1911   9     97.60     1
1911  10    162.50     1
1911  11    181.80     1
1911  12     95.30     1
1912   1    105.50     1
1912   2     92.60     1
1912   3    106.60     1
1912   4    201.60     1
1912   5    177.70     1
1912   6    129.60     1
1912   7    210.80     1
1912   8    421.70     1
1912   9    220.20     1
1912  10    230.30     1
1912  11    298.20     1
1912  12    159.20     1
1913   1     62.00     1
1913   2     69.10     1
1913   3    133.70     1
1913   4    356.40     1
1913   5    250.20     1
1913   6    171.60     1
1913   7    117.80     1
1913   8    130.30     1
1913   9    504.70     1
1913  10    264.90     1
1913  11    237.10     1
1913  12    152.90     1
1914   1     74.80     1
1914   2     65.50     1
1914   3     74.50     1
1914   4    276.30     1
1914   5    129.90     1
1914   6    119.90     1
1914   7    104.30     1
1914   8    196.30     1
1914   9    116.10     1
1914  10    276.40     1
1914  11    323.40     1
1914  12    175.50     1
1915   1     91.30     1
1915   2    119.50     1
1915   3     80.40     1
1915   4    235.50     1
1915   5    305.90     1
1915   6    213.20     1
1915   7    221.70     1
1915   8    422.90     1
1915   9    193.30     1
1915  10    291.90     1
1915  11    201.20     1
1915  12    124.30     1
1916   1     96.00     1
1916   2     66.90     1
1916   3    182.20     1
1916   4    254.80     1
1916   5    149.10     1
1916   6    305.20     1
1916   7    204.70     1
1916   8    223.20     1
1916   9    199.40     1
1916  10    281.20     1
1916  11    173.20     1
1916  12    133.60     1
1917   1    172.20     1
1917   2     94.80     1
1917   3    177.40     1
1917   4    306.00     1
1917   5    392.20     1
1917   6    216.20     1
1917   7    189.20     1
1917   8    369.80     1
1917   9    189.10     1
1917  10    197.40     1
1917  11    256.50     1
1917  12    152.60     1
1918   1    117.00     1
1918   2     94.10     1
1918   3    146.00     1
1918   4    350.70     1
1918   5    249.00     1
1918   6    123.10     1
1918   7    130.70     1
1918   8    130.60     1
1918   9    164.20     1
1918  10    315.80     1
1918  11    289.30     1
1918  12     72.40     1
1919   1    111.30     1
1919   2     65.40     1
1919   3     96.90     1
1919   4    218.90     1
1919   5    212.00     1
1919   6    185.40     1
1919   7    255.20     1
1919   8    247.90     1
1919   9    319.10     1
1919  10    186.60     1
1919  11    218.40     1
1919  12    186.60     1
1920   1     73.50     1
1920   2    101.60     1
1920   3    111.20     1
1920   4    149.50     1
1920   5    404.00     1
1920   6    158.80     1
1920   7    349.70     1
1920   8    203.60     1
1920   9    251.40     1
1920  10    397.00     1
1920  11    126.80     1
1920  12    150.70     1
1921   1    158.20     1
1921   2    136.60     1
1921   3    301.70     1
1921   4    238.70     1
1921   5    404.50     1
1921   6    257.80     1
1921   7    286.40     1
1921   8    161.50     1
1921   9    335.70     1
1921  10    344.30     1
1921  11    150.70     1
1921  12    203.60     1
1922   1     38.20     1
1922   2    135.30     1
1922   3    226.20     1
1922   4    180.30     1
1922   5    263.90     1
1922   6    391.80     1
1922   7    169.50     0
1922   8     98.60     1
1922   9    161.60     1
1922  10    224.40     1
1922  11    212.90     1
1922  12    162.30     1
1923   1     44.50     1
1923   2     47.00     1
1923   3    103.00     1
1923   4    165.90     1
1923   5    240.70     1
1923   6    133.50     1
1923   7    234.60     1
1923   8    242.70     1
1923   9    126.30     1
1923  10    214.10     1
1923  11    149.10     1
1923  12    189.50     1
1924   1     35.20     1
1924   2     39.60     1
1924   3    107.40     1
1924   4    133.90     1
1924   5    220.90     1
1924   6    225.30     1
1924   7    216.30     1
1924   8    138.60     1
1924   9    226.70     0
1924  10    293.30     1
1924  11    358.40     1
1924  12    186.90     1
1925   1     88.20     2
1925   2    117.30     2
1925   3    213.80     2
1925   4    355.00     2
1925   5    204.50     2
1925   6    163.60     2
1925   7    194.70     2
1925   8    243.20     2
1925   9    274.10     2
1925  10    179.10     2
1925  11    186.80     2
1925  12     87.70     2
1926   1     41.80     2
1926   2     68.90     2
1926   3    100.40     2
1926   4    138.10     2
1926   5    208.30     2
1926   6    271.70     2
1926   7    168.20     2
1926   8    236.00     2
1926   9    182.90     2
1926  10    335.10     2
1926  11    225.30     2
1926  12    222.10     2
1927   1    100.60     2
1927   2    103.60     2
1927   3    139.20     2
1927   4    205.00     2
1927   5    301.30     2
1927   6    192.80     2
1927   7    242.60     2
1927   8    234.90     2
1927   9    288.20     2
1927  10    275.10     2
1927  11    209.90     2
1927  12    107.60     2
1928   1     87.60     2
1928   2     92.00     2
1928   3    149.10     2
1928   4    177.90     2
1928   5    260.20     2
1928   6    188.70     2
1928   7    239.00     2
1928   8    193.40     2
1928   9    187.20     2
1928  10    176.60     2
1928  11    319.80     2
1928  12    207.20     2
1929   1     39.60     2
1929   2     39.10     2
1929   3    143.00     2
1929   4    244.30     2
1929   5    301.40     2
1929   6    219.60     2
1929   7    185.40     2
1929   8    144.50     2
1929   9    206.90     2
1929  10    222.80     2
1929  11    136.60     2
1929  12     67.20     2
1930   1    122.60     3
1930   2    115.20     3
1930   3    139.80     3
1930   4    215.60     3
1930   5    164.40     3
1930   6    230.70     3
1930   7    232.50     3
1930   8    193.90     3
1930   9    160.80     3
1930  10    292.20     3
1930  11    158.90     3
1930  12    108.80     3
1931   1     77.20     3
1931   2     97.00     3
1931   3    100.30     3
1931   4    182.90     3
1931   5    264.70     3
1931   6    220.50     3
1931   7    294.50     3
1931   8    147.90     3
1931   9    247.20     3
1931  10    223.70     3
1931  11    256.70     3
1931  12    162.00     3
1932   1    160.20     2
1932   2     83.80     2
1932   3     84.70     2
1932   4    154.10     2
1932   5    256.40     2
1932   6    179.40     2
1932   7    193.90     2
1932   8    166.20     2
1932   9    262.50     2
1932  10    314.80     2
1932  11    274.60     2
1932  12    162.80     2
1933   1     99.80     3
1933   2     50.90     3
1933   3    149.10     3
1933   4    267.00     3
1933   5    275.40     3
1933   6    226.20     3
1933   7    153.10     3
1933   8    230.50     3
1933   9    214.60     3
1933  10    256.80     3
1933  11    317.10     3
1933  12    232.40     3
1934   1    103.50     2
1934   2    119.90     2
1934   3    143.70     2
1934   4    130.30     2
1934   5    302.80     2
1934   6    195.30     2
1934   7    219.00     2
1934   8    155.30     2
1934   9    187.00     2
1934  10    305.30     2
1934  11    265.30     2
1934  12    123.80     2
1935   1    149.90     2
1935   2    135.10     2
1935   3    186.70     2
1935   4    222.40     2
1935   5    234.80     2
1935   6    227.70     2
1935   7    244.80     2
1935   8    282.40     2
1935   9    217.70     2
1935  10    250.40     2
1935  11    399.30     2
1935  12     77.00     2
1936   1     91.10     2
1936   2     68.70     2
1936   3    138.30     2
1936   4    148.60     2
1936   5    280.90     2
1936   6    227.60     2
1936   7    196.50     2
1936   8    223.60     2
1936   9    174.60     2
1936  10    285.60     2
1936  11    167.10     2
1936  12    207.40     2
1937   1    164.10     2
1937   2    100.00     2
1937   3    167.30     2
1937   4    139.30     2
1937   5    248.80     2
1937   6    155.90     2
1937   7    210.50     2
1937   8    168.00     2
1937   9    302.30     2
1937  10    253.80     2
1937  11    242.90     2
1937  12    178.70     2
1938   1    165.30     2
1938   2     79.40     2
1938   3    205.20     2
1938   4    339.20     2
1938   5    327.90     2
1938   6    157.40     2
1938   7    240.40     2
1938   8    246.90     2
1938   9    145.90     2
1938  10    354.10     2
1938  11    279.30     2
1938  12    200.90     2
1939   1     65.00     2
1939   2     48.60     2
1939   3    134.30     2
1939   4    149.00     2
1939   5    213.10     2
1939   6    201.10     2
1939   7    193.20     2
1939   8    172.00     2
1939   9    160.20     2
1939  10    303.80     2
1939  11    180.80     2
1939  12    141.20     2
1940   1    108.10     2
1940   2     82.10     2
1940   3     77.40     2
1940   4    148.20     2
1940   5    226.80     2
1940   6    169.20     2
1940   7    135.70     2
1940   8    148.50     2
1940   9    178.50     2
1940  10    301.90     2
1940  11    311.50     2
1940  12    147.60     2
1941   1    109.70     3
1941   2     79.50     3
1941   3     32.30     3
1941   4     80.00     3
1941   5     56.40     3
1941   6    100.30     3
1941   7     97.90     3
1941   8    144.70     3
1941   9    164.70     3
1941  10    119.60     3
1941  11    174.60     3
1941  12     86.60     3
1942   1     58.80     3
1942   2     60.50     3
1942   3    101.60     3
1942   4    168.50     3
1942   5    253.50     3
1942   6    136.10     3
1942   7    133.10     3
1942   8     95.10     3
1942   9    163.20     3
1942  10    200.70     3
1942  11    144.90     3
1942  12    120.90     3
1943   1    215.80     3
1943   2    109.40     3
1943   3     94.50     3
1943   4    201.00     3
1943   5    165.60     3
1943   6    230.10     3
1943   7    125.50     3
1943   8    294.80     3
1943   9     95.00     3
1943  10    286.30     3
1943  11    286.60     3
1943  12    109.40     3
1944   1     52.20     3
1944   2     66.20     3
1944   3    100.90     3
1944   4    108.50     3
1944   5    247.10     3
1944   6    223.30     3
1944   7     55.10     3
1944   8    129.50     3
1944   9     82.30     3
1944  10    256.30     3
1944  11    104.50     3
1944  12    104.10     3
1945   1     38.30     3
1945   2     44.00     3
1945   3     41.40     3
1945   4    186.00     3
1945   5    348.20     3
1945   6     59.00     3
1945   7    142.40     3
1945   8    192.60     3
1945   9    133.00     3
1945  10    216.00     3
1945  11    334.80     3
1945  12    248.30     3
1946   1    178.50     3
1946   2     76.20     3
1946   3    117.60     3
1946   4    189.70     3
1946   5    198.10     3
1946   6     54.10     3
1946   7    103.30     3
1946   8    100.20     3
1946   9    104.10     3
1946  10    276.80     3
1946  11    210.70     3
1946  12    101.10     3
1947   1    118.40     3
1947   2     67.80     3
1947   3     72.90     3
1947   4     94.50     3
1947   5    234.30     3
1947   6    204.40     3
1947   7    296.60     3
1947   8    189.30     3
1947   9    300.90     3
1947  10    372.10     3
1947  11    127.30     3
1947  12     84.40     3
1948   1     21.10     3
1948   2     51.90     3
1948   3     87.80     3
1948   4    310.40     3
1948   5    248.20     3
1948   6    119.40     3
1948   7    122.00     3
1948   8    150.10     3
1948   9    234.50     3
1948  10    195.70     3
1948  11    148.50     3
1948  12    107.80     3
1949   1     82.80     4
1949   2     65.30     4
1949   3    105.60     4
1949   4    115.10     4
1949   5    213.00     4
1949   6    247.30     4
1949   7    215.10     4
1949   8    255.00     4
1949   9    199.20     4
1949  10    300.40     4
1949  11    145.70     4
1949  12     83.20     4
1950   1    156.40     5
1950   2    177.70     5
1950   3    199.80     5
1950   4    227.40     5
1950   5    313.90     5
1950   6    391.90     5
1950   7    160.60     5
1950   8    311.80     5
1950   9    213.50     5
1950  10    303.70     5
1950  11    187.30     5
1950  12    204.90     5
1951   1    122.00     8
1951   2    145.90     8
1951   3    123.30     8
1951   4    246.80     8
1951   5    224.90     8
1951   6    173.70     8
1951   7    179.90     8
1951   8    168.60     8
1951   9    139.10     8
1951  10    271.90     8
1951  11    204.00     8
1951  12    134.50     8
1952   1    117.50     8
1952   2     63.10     8
1952   3    121.20     8
1952   4    255.20     8
1952   5    298.70     8
1952   6    206.60     8
1952   7    261.20     8
1952   8    156.60     8
1952   9    190.20     8
1952  10    140.10     8
1952  11    326.10     8
1952  12    184.90     8
1953   1     97.50     8
1953   2     72.90     8
1953   3    138.10     8
1953   4    198.90     8
1953   5    328.10     8
1953   6    194.40     8
1953   7    113.90     8
1953   8     60.10     8
1953   9    368.50     8
1953  10    331.10     8
1953  11    294.90     8
1953  12    164.70     8
1954   1     68.20     8
1954   2     97.40     8
1954   3     83.40     8
1954   4    211.50     8
1954   5    276.70     8
1954   6    269.80     8
1954   7    293.00     8
1954   8    157.50     8
1954   9    153.30     8
1954  10    368.40     8
1954  11    224.50     8
1954  12    211.00     8
1955   1     78.70     8
1955   2    101.60     8
1955   3    181.90     8
1955   4    337.00     8
1955   5    203.30     8
1955   6    266.00     8
1955   7    297.90     8
1955   8    171.00     8
1955   9    268.30     8
1955  10    338.20     8
1955  11    227.00     8
1955  12    269.00     8
1956   1    171.30     8
1956   2    182.10     8
1956   3    149.10     8
1956   4    178.50     8
1956   5    279.40     8
1956   6    240.30     8
1956   7    146.20     8
1956   8    197.40     8
1956   9    224.50     8
1956  10    363.20     8
1956  11    149.90     8
1956  12    210.00     8
1957   1     51.90     8
1957   2     86.80     8
1957   3    126.90     8
1957   4    235.50     8
1957   5    410.30     8
1957   6     90.90     8
1957   7    123.20     8
1957   8    114.00     8
1957   9    168.60     8
1957  10    374.70     8
1957  11    165.10     8
1957  12     84.00     8
1958   1     58.30     8
1958   2     46.10     8
1958   3     81.50     8
1958   4    197.70     8
1958   5    287.40     8
1958   6    102.40     8
1958   7     77.50     8
1958   8    168.10     8
1958   9     79.10     8
1958  10    200.90     8
1958  11    183.00     8
1958  12    150.10     8
1959   1     46.50     8
1959   2     20.70     8
1959   3     83.50     8
1959   4    129.00     8
1959   5    307.10     8
1959   6    250.50     8
1959   7    223.00     8
1959   8    266.70     8
1959   9    158.90     8
1959  10    202.70     8
1959  11    183.20     8
1959  12    135.00     8
1960   1    156.60     8
1960   2     98.70     8
1960   3     96.80     8
1960   4    231.90     8
1960   5    260.10     8
1960   6    151.40     8
1960   7    258.90     8
1960   8    277.90     8
1960   9    200.10     8
1960  10    278.60     8
1960  11    162.40     8
1960  12    242.50     8
1961   1     82.80     8
1961   2     47.90     8
1961   3    157.10     8
1961   4    207.30     8
1961   5     84.60     8
1961   6    201.80     8
1961   7    181.60     8
1961   8     75.10     8
1961   9    163.40     8
1961  10    262.10     8
1961  11    297.20     8
1961  12    102.90     8
1962   1     81.80     8
1962   2     82.50     8
1962   3    187.50     8
1962   4    207.60     8
1962   5    333.00     8
1962   6    271.70     8
1962   7    130.90     8
1962   8    197.60     8
1962   9    198.00     8
1962  10    258.00     8
1962  11    217.10     8
1962  12    162.80     8
1963   1     91.20     8
1963   2    176.40     8
1963   3    166.90     8
1963   4    231.30     8
1963   5    273.70     8
1963   6    170.70     8
1963   7    216.70     8
1963   8    209.70     8
1963   9    144.20     8
1963  10    229.20     8
1963  11    249.10     8
1963  12     83.10     8
1964   1     32.20     8
1964   2     79.30     8
1964   3     67.30     8
1964   4    299.70     8
1964   5    252.30     8
1964   6    268.30     8
1964   7    274.90     8
1964   8    227.50     8
1964   9    141.10     8
1964  10    205.40     8
1964  11    192.90     8
1964  12    119.70     8
1965   1     52.60     8
1965   2     68.90     8
1965   3     78.60     8
1965   4    277.80     8
1965   5    259.40     8
1965   6     94.20     8
1965   7    101.10     8
1965   8    131.80     8
1965   9    172.10     8
1965  10    289.20     8
1965  11    281.00     8
1965  12    110.60     8
1966   1     49.40     8
1966   2     57.30     8
1966   3    115.90     8
1966   4    185.10     8
1966   5    216.50     8
1966   6    304.80     8
1966   7    129.90     8
1966   8    260.50     8
1966   9    150.10     8
1966  10    267.00     8
1966  11    325.20     8
1966  12    162.80     8
1967   1     57.40     8
1967   2     81.30     8
1967   3    134.40     8
1967   4    221.30     8
1967   5    292.40     8
1967   6    214.70     8
1967   7    136.00     8
1967   8     95.30     8
1967   9    166.50     8
1967  10    244.10     8
1967  11    225.50     8
1967  12    101.90     8
1968   1     91.50     8
1968   2    129.80     8
1968   3    104.80     8
1968   4    251.60     8
1968   5    172.10     8
1968   6    264.70     8
1968   7    170.70     8
1968   8    146.50     8
1968   9    245.90     8
1968  10    282.90     8
1968  11    234.30     8
1968  12     82.40     8
1969   1    144.10     8
1969   2     57.60     8
1969   3     34.10     8
1969   4    342.90     8
1969   5    246.50     8
1969   6    199.90     8
1969   7     77.30     8
1969   8    208.80     8
1969   9    285.70     8
1969  10    358.80     8
1969  11    152.10     8
1969  12    127.70     8
1970   1    118.10     8
1970   2     96.90     8
1970   3     65.50     8
1970   4    217.20     8
1970   5    342.60     8
1970   6    212.40     8
1970   7    184.30     8
1970   8    164.20     8
1970   9    223.90     8
1970  10    391.70     8
1970  11    271.60     8
1970  12    148.00     8
1971   1    236.10     8
1971   2    187.00     8
1971   3    284.20     8
1971   4    233.40     8
1971   5    424.40     8
1971   6    227.60     8
1971   7    197.20     8
1971   8    303.90     8
1971   9    298.60     8
1971  10    227.80     8
1971  11    198.20     8
1971  12    150.00     8
1972   1    195.00     8
1972   2     83.10     8
1972   3    145.60     8
1972   4    250.20     8
1972   5    296.90     8
1972   6    218.70     8
1972   7    127.30     8
1972   8    184.10     8
1972   9    143.30     8
1972  10    193.20     8
1972  11    237.40     8
1972  12    119.60     8
1973   1     26.70     8
1973   2     24.80     8
1973   3    100.40     8
1973   4    123.50     8
1973   5    195.90     8
1973   6    208.20     8
1973   7    244.50     8
1973   8    343.60     8
1973   9    376.50     8
1973  10    274.30     8
1973  11    299.80     8
1973  12    262.00     8
1974   1    173.70     8
1974   2    188.30     8
1974   3    199.30     8
1974   4    198.80     8
1974   5    241.50     8
1974   6    161.10     8
1974   7    147.70     8
1974   8    205.40     8
1974   9    323.40     8
1974  10    308.70     8
1974  11    303.10     8
1974  12     69.90     8
1975   1     43.60     8
1975   2    152.40     8
1975   3    141.80     8
1975   4    147.20     8
1975   5    330.80     8
1975   6    190.70     8
1975   7    310.30     8
1975   8    278.40     8
1975   9    210.60     8
1975  10    320.90     8
1975  11    222.00     8
1975  12    266.70     8
1976   1     60.70     8
1976   2    109.40     8
1976   3    161.20     8
1976   4    240.20     8
1976   5    250.40     8
1976   6    159.50     8
1976   7     42.50     8
1976   8     99.20     8
1976   9    153.20     8
1976  10    285.50     8
1976  11    173.30     8
1976  12    112.40     8
1977   1     39.60     8
1977   2     42.40     8
1977   3    126.50     8
1977   4    160.80     8
1977   5    178.20     8
1977   6    207.50     8
1977   7    193.10     8
1977   8    225.40     8
1977   9    274.00     8
1977  10    257.00     8
1977  11    183.80     8
1977  12     94.80     8
1978   1     66.50     8
1978   2     70.80     8
1978   3    166.30     8
1978   4    313.10     8
1978   5    252.00     8
1978   6    194.90     8
1978   7    186.50     8
1978   8     90.80     8
1978   9    227.20     8
1978  10    204.50     8
1978  11    177.60     8
1978  12    169.70     8
1979   1     86.60     8
1979   2     85.40     8
1979   3    130.50     8
1979   4    271.00     8
1979   5    293.50     8
1979   6    210.30     8
1979   7    157.20     8
1979   8    290.20     8
1979   9    208.70     8
1979  10    294.90     8
1979  11    293.30     8
1979  12     88.20     8
1980   1    116.30     8
1980   2    102.10     8
1980   3     59.30     8
1980   4    176.50     8
1980   5    204.50     8
1980   6    234.30     8
1980   7    113.70     8
1980   8    164.30     8
1980   9    241.00     8
1980  10    209.20     8
1980  11    190.60     8
1980  12    156.50     8
1981   1     60.70     8
1981   2     90.70     8
1981   3    110.80     8
1981   4    325.40     8
1981   5    405.60     8
1981   6    231.00     8
1981   7    167.90     8
1981   8    242.10     8
1981   9    197.30     8
1981  10    330.50     8
1981  11    244.60     8
1981  12    148.70     8
1982   1    187.60     8
1982   2    118.70     8
1982   3    156.20     8
1982   4    292.30     8
1982   5    316.80     8
1982   6    116.30     8
1982   7    105.40     8
1982   8     78.50     8
1982   9    176.70     8
1982  10    311.00     8
1982  11    185.30     8
1982  12    157.80     8
1983   1     52.30     8
1983   2     67.00     8
1983   3    183.60     8
1983   4    352.60     8
1983   5    259.40     8
1983   6    124.10     8
1983   7    151.90     8
1983   8    124.10     8
1983   9    169.10     8
1983  10    211.60     8
1983  11    154.70     8
1983  12    218.20     8
1984   1    197.70     8
1984   2    138.80     8
1984   3    107.90     8
1984   4    218.20     8
1984   5    284.10     8
1984   6    299.40     8
1984   7    204.60     8
1984   8    347.80     8
1984   9    329.40     8
1984  10    295.20     8
1984  11    221.20     8
1984  12     94.20     8
1985   1    101.10     8
1985   2     29.10     8
1985   3    138.10     8
1985   4    132.80     8
1985   5    246.80     8
1985   6    100.40     8
1985   7    166.50     8
1985   8    313.20     8
1985   9    289.20     8
1985  10    263.10     8
1985  11    218.70     8
1985  12    142.30     8
1986   1    118.40     8
1986   2    190.90     8
1986   3    125.50     8
1986   4    251.10     8
1986   5    220.80     8
1986   6    234.60     8
1986   7     64.60     8
1986   8    147.40     8
1986   9    190.40     8
1986  10    457.60     8
1986  11    187.60     8
1986  12     53.10     8
1987   1     58.50     8
1987   2     39.60     8
1987   3     96.20     8
1987   4    211.50     8
1987   5    278.50     8
1987   6    111.80     8
1987   7    315.30     8
1987   8    140.80     8
1987   9    245.70     8
1987  10    350.20     8
1987  11    184.90     8
1987  12     85.90     8
1988   1     72.00     8
1988   2    131.00     8
1988   3     60.20     8
1988   4    261.40     8
1988   5    206.50     8
1988   6    202.80     8
1988   7    210.80     8
1988   8    398.20     8
1988   9    350.10     8
1988  10    284.20     8
1988  11    362.20     8
1988  12    231.40     8
1989   1    121.70     8
1989   2    120.70     8
1989   3    258.70     8
1989   4    161.90     8
1989   5    246.70     8
1989   6    214.50     8
1989   7    154.90     8
1989   8    204.00     8
1989   9    308.70     8
1989  10    225.90     8
1989  11    148.80     8
1989  12    150.40     8
1990   1     94.30     8
1990   2    104.00     8
1990   3    164.00     8
1990   4    252.40     8
1990   5    226.20     8
1990   6    142.80     8
1990   7    207.20     8
1990   8    115.50     8
1990   9    195.60     8
1990  10    365.10     8
1990  11    199.20     8
1990  12    185.80     8
1991   1     81.50     8
1991   2     48.50     8
1991   3    247.50     8
1991   4    163.90     8
1991   5    250.50     8
1991   6    170.80     8
1991   7    199.20     8
1991   8    130.20     8
1991   9    197.10     8
1991  10    172.70     8
1991  11    211.50     8
1991  12    164.40     8
1992   1     67.30     8
1992   2     65.30     8
1992   3     75.00     8
1992   4    136.20     8
1992   5    168.80     8
1992   6    113.80     8
1992   7    127.80     8
1992   8    171.30     8
1992   9    238.50     8
1992  10    128.60     8
1992  11    218.90     8
1992  12    133.50     8
1993   1    111.50     8
1993   2     93.80     8
1993   3    145.80     8
1993   4    194.40     8
1993   5    176.00     8
1993   6     74.50     8
1993   7    143.10     8
1993   8    170.60     8
1993   9    305.00     8
1993  10    195.90     8
1993  11    344.50     8
1993  12    180.90     8
1994   1    143.20     8
1994   2    132.20     8
1994   3    187.10     8
1994   4    230.80     8
1994   5    195.60     8
1994   6    138.00     8
1994   7    159.60     8
1994   8    150.20     8
1994   9    149.20     8
1994  10    297.60     8
1994  11    292.30     8
1994  12    106.30     8
1995   1     47.20     8
1995   2     50.80     8
1995   3    159.50     8
1995   4    229.60     8
1995   5    276.00     8
1995   6    246.30     8
1995   7    287.90     8
1995   8    295.20     8
1995   9    173.90     8
1995  10    247.80     8
1995  11    190.20     8
1995  12    238.60     8
1996   1    156.10     8
1996   2    178.80     8
1996   3    212.50     8
1996   4    182.10     8
1996   5    348.20     8
1996   6    246.40     8
1996   7    257.90     8
1996   8    252.10     8
1996   9    178.70     8
1996  10    300.30     8
1996  11    140.70     8
1996  12    116.30     8
1997   1    241.50     8
1997   2     73.80     8
1997   3    130.00     8
1997   4    221.70     8
1997   5    160.80     8
1997   6    307.10     8
1997   7     65.90     8
1997   8     38.20     8
1997   9    179.70     8
1997  10    150.60     8
1997  11    220.40     8
1997  12     65.20     8
1998   1     31.10     8
1998   2     90.60     8
1998   3    114.90     8
1998   4    227.30     8
1998   5    364.20     8
1998   6    160.50     8
1998   7    297.90     8
1998   8    247.40     8
1998   9    300.00     8
1998  10    307.90     8
1998  11    268.20     8
1998  12    283.80     8
1999   1    162.10     8
1999   2    241.40     8
1999   3    163.70     8
1999   4    230.20     8
1999   5    211.30     8
1999   6    316.30     8
1999   7    132.40     8
1999   8    194.10     8
1999   9    445.10     8
1999  10    352.70     8
1999  11    282.30     8
1999  12    227.90     8
2000   1    137.00     8
2000   2    233.30     8
2000   3    205.40     8
2000   4    192.10     8
2000   5    370.20     8
2000   6    261.40     8
2000   7    310.90     8
2000   8    196.70     8
2000   9    349.90     8
2000  10    221.00     8
2000  11    173.30     8
2000  12    142.20     8
2001   1    107.40     8
2001   2     65.40     7
2001   3    179.60     8
2001   4    103.20     8
2001   5    260.60     8
2001   6    183.30     8
2001   7    126.20     8
2001   8    182.40     8
2001   9    249.20     8
2001  10    165.10     8
2001  11    279.40     8
2001  12    201.10     8
2002   1     66.00     8
2002   2     39.20     8
2002   3    174.10     8
2002   4    269.70     8
2002   5    262.10     8
2002   6    197.80     8
2002   7    161.60     8
2002   8    176.40     8
2002   9    258.20     8
2002  10    200.50     8
2002  11    172.00     8
2002  12    164.10     8
2003   1     37.20     8
2003   2     73.00     8
2003   3    158.80     8
2003   4    203.60     8
2003   5    171.40     8
2003   6    257.70     8
2003   7    125.10     8
2003   8    222.40     7
2003   9    228.40     8
2003  10    230.90     8
2003  11    289.30     8
2003  12    148.90     8
2004   1     81.10     8
2004   2    123.40     8
2004   3     98.40     8
2004   4    247.40     8
2004   5    248.40     7
2004   6    148.70     8
2004   7    163.40     8
2004   8    160.70     8
2004   9    222.50     8
2004  10    283.20     1
2004  11    254.50     8
2004  12    148.20     8
2005   1    105.00     8
2005   2    120.70     7
2005   3    168.40     8
2005   4    189.10     8
2005   5    301.20     8
2005   6    177.90     8
2005   7    125.50     8
2005   8    235.60     8
2005   9    230.00     8
2005  10    281.30     8
2005  11    236.30     8
2005  12    178.80     8
2006   1    185.90     7
2006   2    115.90     8
2006   3    261.00     8
2006   4    218.30     8
2006   5    338.40     8
2006   6    304.90     7
2006   7    116.40     8
2006   8    185.90     8
2006   9    207.80     8
2006  10    270.60     8
2006  11    251.30     8
2006  12    194.30     8
2007   1     74.00     8
2007   2     47.50     8
2007   3    187.80     8
2007   4    249.30     8
2007   5    280.30     8
2007   6    225.70     8
2007   7    177.90     8
2007   8    302.90     7
2007   9    213.30     8
2007  10    270.30     8
2007  11    270.50     8
2007  12    194.50     8
2008   1     96.50     8
2008   2    138.20     8
2008   3    135.10     8
2008   4    208.60     8
2008   5    418.60     8
2008   6    290.60     8
2008   7    337.30     6
2008   8    302.90     6
2008   9    205.50     8
2008  10    248.70     8
2008  11    287.30     8
2008  12    233.50     7
2009   1    148.80     8
2009   2    129.50     8
2009   3    231.50     8
2009   4    145.00     8
2009   5    168.90     8
2009   6    209.80     8
2009   7    123.00     8
2009   8    237.80     7
2009   9    191.70     8
2009  10    285.40     7
2009  11    188.60     8
2009  12    137.30     8
2010   1     18.90     7
2010   2     74.60     7
2010   3    142.70     8
2010   4    285.80     8
2010   5    346.20     7
2010   6    256.40     8
2010   7    205.50     6
2010   8    194.90     6
2010   9    266.60     7
2010  10    237.70     8
2010  11    415.20     6
2010  12    300.90     6
2011   1    117.00     5
2011   2    173.40     8
2011   3    192.20     8
2011   4    309.90     6
2011   5    305.80     8
2011   6    294.80     8
2011   7    218.30     8
2011   8    182.60     8
2011   9    260.80     8
2011  10    350.50     8
2011  11    349.20     8
2011  12    334.70     8
2012   1    162.50     3
2012   2     90.00     8
2012   3    182.90     8
2012   4    333.10     8
2012   5    212.40     8
2012   6    123.30     8
2012   7    122.20     8
2012   8    180.90     8
2012   9     94.20     8
2012  10    296.30     8
2012  11    221.30     8
2012  12    120.10     8
2013   1     43.50     8
2013   2    200.90     8
2013   3    153.70     8
2013   4    180.00     8
2013   5    363.00     8
2013   6    145.20     8
2013   7     77.50     8
2013   8    265.60     8
2013   9    183.00     8
2013  10    260.90     8
2013  11    271.90     8
2013  12    203.30     8
2014   1    114.50     8
2014   2    137.10     8
2014   3    152.20     8
2014   4    233.10     8
2014   5    242.30     8
2014   6    134.60     8
2014   7     76.90     8
2014   8    158.20     8
2014   9    208.20     8
2014  10    227.30     8
2014  11    269.40     8
2014  12    177.50     8
2015   1     98.90     8
2015   2     90.70     8
2015   3    179.10     8
2015   4    208.70     8
2015   5    134.00     8
2015   6     57.50     8
2015   7    146.60     8
2015   8    137.70     8
2015   9    131.40     8
2015  10    203.20     8
2015  11    181.20     8
2015  12     39.50     8
2016   1     56.80     8
2016   2     43.80     8
2016   3    126.40     8
2016   4    237.20     8
2016   5    221.50     8
2016   6    115.00     8
2016   7    169.70     8
2016   8    192.90     8
2016   9    246.10     8
2016  10    248.00     8
2016  11    246.70     8
2016  12    246.80     8
2017   1    134.60     8
2017   2    123.40     7
2017   3    221.10     8
2017   4    217.10     8
2017   5    402.90     8
2017   6    269.40     8
2017   7     81.60     8
2017   8    298.10     7
2017   9    232.30     4
2017  10    276.60     1
2017  11    242.60     7
2017  12    166.10     8
2018   1    145.60     8
2018   2     96.10     8
2018   3    134.20     8
2018   4    221.80     8
2018   5    395.80     8
2018   6    186.00     8
2018   7    181.10     8
2018   8    167.60     8
2018   9    270.80     8
2018  10    297.60     8
2018  11    256.90     8
2018  12     43.50     8
2019   1     79.40     8
2019   2    102.80     8
2019   3    229.20     8
2019   4    255.20     8
2019   5    379.20     8
2019   6    169.90     8
2019   7    154.00     8
2019   8     66.20     8
2019   9    229.90     8
2019  10    261.60     8
2019  11    230.40     8
2019  12    126.50     8
2020   1     72.00     8
2020   2     94.90     8
2020   3    123.70     8
2020   4    161.80     8
2020   5    184.70     8
2020   6    237.90     8
2020   7    360.10     8
2020   8    221.40     8
2020   9    242.20     8
2020  10    160.80     8
2020  11    250.40     8
2020  12    200.00     8
2021   1    100.60     8
2021   2    112.60     8
2021   3    250.30     8
2021   4    197.20     8
2021   5    238.80     8
2021   6    321.50     8
2021   7    218.70     8
2021   8    388.70     8
2021   9    238.20     8
2021  10    252.80     8
2021  11    310.40     8
2021  12    101.80     8
2022   1    109.70     8
2022   2    220.80     8
2022   3    223.80     8
2022   4    260.50     8
2022   5    284.70     8
2022   6    405.60     8
2022   7    294.70     8
2022   8    208.70     8
2022   9    217.00     8
2022  10    294.60     8
2022  11    341.20     8
2022  12    114.60     8
2023   1    233.80     6
2023   2     79.90     8
2023   3    218.80     8
2023   4    201.00     8
2023   5    229.20     8
2023   6    105.50     8
2023   7    202.30     8
2023   8    192.30     8
2023   9    135.30     8
2023  10    257.80     8
2023  11    156.50     8
2023  12    156.30     8