Half-degree cell series of temperature
Centre Latitude:              6.25
Centre Longitude:           -75.75
CRU TS Version:               4.07
Units:                     degrees C

  Yr  Mo     Value   N.Obs
1901   1     19.80     1
1901   2     20.10     1
1901   3     20.30     1
1901   4     20.20     1
1901   5     20.00     1
1901   6     20.00     1
1901   7     20.10     0
1901   8     20.00     0
1901   9     19.70     1
1901  10     19.40     1
1901  11     19.70     1
1901  12     19.40     1
1902   1     19.80     1
1902   2     20.10     1
1902   3     20.20     1
1902   4     20.20     1
1902   5     20.00     1
1902   6     20.00     1
1902   7     20.10     1
1902   8     20.00     0
1902   9     19.60     1
1902  10     19.50     1
1902  11     19.80     1
1902  12     19.50     1
1903   1     19.80     1
1903   2     20.10     1
1903   3     20.30     1
1903   4     20.20     1
1903   5     20.00     1
1903   6     20.00     1
1903   7     20.10     0
1903   8     20.00     0
1903   9     19.70     0
1903  10     19.40     1
1903  11     19.70     1
1903  12     19.40     1
1904   1     19.70     1
1904   2     20.10     0
1904   3     20.20     1
1904   4     20.20     0
1904   5     19.90     1
1904   6     20.00     0
1904   7     20.10     0
1904   8     20.00     0
1904   9     19.70     0
1904  10     19.40     1
1904  11     19.80     1
1904  12     19.40     1
1905   1     19.70     1
1905   2     20.00     1
1905   3     20.20     1
1905   4     20.20     1
1905   5     19.90     1
1905   6     19.90     1
1905   7     20.10     0
1905   8     20.00     0
1905   9     19.70     0
1905  10     19.50     1
1905  11     19.80     1
1905  12     19.40     1
1906   1     19.70     1
1906   2     20.00     1
1906   3     20.20     1
1906   4     20.20     1
1906   5     20.00     1
1906   6     20.00     1
1906   7     20.10     0
1906   8     20.00     0
1906   9     19.60     1
1906  10     19.50     0
1906  11     19.80     1
1906  12     19.40     1
1907   1     19.80     0
1907   2     20.10     0
1907   3     20.30     0
1907   4     20.20     0
1907   5     19.90     1
1907   6     19.90     1
1907   7     20.10     0
1907   8     20.00     0
1907   9     19.70     0
1907  10     19.40     1
1907  11     19.70     1
1907  12     19.40     1
1908   1     19.80     1
1908   2     20.00     1
1908   3     20.20     1
1908   4     20.10     1
1908   5     19.90     1
1908   6     19.90     1
1908   7     20.10     0
1908   8     20.00     0
1908   9     19.70     0
1908  10     19.40     1
1908  11     19.70     1
1908  12     19.40     1
1909   1     19.80     1
1909   2     20.10     0
1909   3     20.30     1
1909   4     20.20     0
1909   5     19.90     1
1909   6     19.90     1
1909   7     20.10     0
1909   8     20.00     0
1909   9     19.70     1
1909  10     19.40     1
1909  11     19.80     1
1909  12     19.40     1
1910   1     19.70     1
1910   2     20.10     0
1910   3     20.20     1
1910   4     20.10     1
1910   5     20.00     1
1910   6     20.00     1
1910   7     20.10     1
1910   8     20.00     1
1910   9     19.70     0
1910  10     19.50     0
1910  11     19.80     1
1910  12     19.40     1
1911   1     19.80     0
1911   2     20.00     1
1911   3     20.30     0
1911   4     20.10     1
1911   5     19.90     1
1911   6     20.00     0
1911   7     20.10     0
1911   8     20.00     0
1911   9     19.70     0
1911  10     19.50     1
1911  11     19.80     1
1911  12     19.40     1
1912   1     19.70     1
1912   2     20.00     1
1912   3     20.20     1
1912   4     20.10     1
1912   5     20.00     1
1912   6     20.00     0
1912   7     20.10     0
1912   8     20.00     0
1912   9     19.70     0
1912  10     19.40     1
1912  11     19.70     1
1912  12     19.40     1
1913   1     19.70     1
1913   2     20.10     0
1913   3     20.30     0
1913   4     20.20     0
1913   5     20.00     0
1913   6     20.00     0
1913   7     20.10     0
1913   8     20.00     0
1913   9     19.70     0
1913  10     19.50     0
1913  11     19.70     1
1913  12     19.40     1
1914   1     19.70     1
1914   2     20.00     1
1914   3     20.20     1
1914   4     20.10     1
1914   5     19.90     1
1914   6     20.00     0
1914   7     20.10     0
1914   8     20.00     0
1914   9     19.70     0
1914  10     19.40     1
1914  11     19.80     1
1914  12     19.50     1
1915   1     19.80     1
1915   2     20.10     1
1915   3     20.30     1
1915   4     20.20     1
1915   5     20.90     2
1915   6     20.70     2
1915   7     21.00     2
1915   8     21.20     1
1915   9     20.20     2
1915  10     20.60     2
1915  11     20.30     2
1915  12     20.10     2
1916   1     20.00     2
1916   2     20.10     1
1916   3     20.20     2
1916   4     20.80     2
1916   5     20.60     2
1916   6     20.40     2
1916   7     20.60     1
1916   8     19.90     1
1916   9     20.20     1
1916  10     19.50     1
1916  11     19.70     1
1916  12     19.20     1
1917   1     19.30     1
1917   2     19.10     1
1917   3     20.10     1
1917   4     20.20     1
1917   5     20.00     1
1917   6     19.50     1
1917   7     20.20     1
1917   8     19.80     1
1917   9     19.70     1
1917  10     19.50     2
1917  11     19.70     1
1917  12     19.50     1
1918   1     19.60     1
1918   2     19.70     2
1918   3     19.20     2
1918   4     19.70     1
1918   5     19.00     1
1918   6     19.20     1
1918   7     20.10     0
1918   8     20.40     1
1918   9     19.80     1
1918  10     19.90     1
1918  11     19.60     2
1918  12     19.40     2
1919   1     19.70     1
1919   2     20.00     1
1919   3     20.30     0
1919   4     20.10     1
1919   5     20.00     1
1919   6     20.00     0
1919   7     20.10     0
1919   8     20.00     0
1919   9     19.70     0
1919  10     19.40     1
1919  11     19.70     1
1919  12     19.50     1
1920   1     19.70     1
1920   2     20.00     1
1920   3     20.30     0
1920   4     20.10     1
1920   5     19.90     1
1920   6     20.00     0
1920   7     20.10     0
1920   8     20.00     0
1920   9     19.70     0
1920  10     19.50     0
1920  11     19.70     1
1920  12     19.40     1
1921   1     19.80     2
1921   2     19.90     1
1921   3     19.40     1
1921   4     19.60     1
1921   5     19.30     1
1921   6     19.50     1
1921   7     20.10     1
1921   8     19.50     1
1921   9     19.60     1
1921  10     18.70     1
1921  11     19.50     1
1921  12     19.20     2
1922   1     19.60     2
1922   2     19.60     2
1922   3     19.50     2
1922   4     20.00     2
1922   5     19.50     1
1922   6     19.10     1
1922   7     19.60     1
1922   8     19.80     1
1922   9     19.50     1
1922  10     19.00     1
1922  11     19.10     1
1922  12     18.90     2
1923   1     19.00     2
1923   2     19.60     2
1923   3     20.00     3
1923   4     19.90     2
1923   5     19.50     2
1923   6     20.00     2
1923   7     19.40     2
1923   8     19.70     2
1923   9     19.90     2
1923  10     19.10     2
1923  11     19.90     2
1923  12     19.30     2
1924   1     20.40     3
1924   2     20.20     2
1924   3     21.10     3
1924   4     20.60     3
1924   5     20.20     3
1924   6     19.40     3
1924   7     19.50     3
1924   8     20.20     2
1924   9     18.90     2
1924  10     19.00     2
1924  11     19.30     3
1924  12     19.00     3
1925   1     19.00     2
1925   2     19.00     2
1925   3     19.10     2
1925   4     19.90     3
1925   5     20.00     3
1925   6     19.70     3
1925   7     19.70     3
1925   8     19.60     2
1925   9     19.50     2
1925  10     19.70     3
1925  11     19.60     3
1925  12     19.70     3
1926   1     20.20     3
1926   2     20.70     3
1926   3     20.90     3
1926   4     21.20     3
1926   5     20.70     3
1926   6     20.50     3
1926   7     20.10     3
1926   8     19.90     3
1926   9     19.40     3
1926  10     19.50     3
1926  11     19.90     3
1926  12     19.10     3
1927   1     19.40     3
1927   2     19.60     3
1927   3     20.10     3
1927   4     19.70     3
1927   5     19.50     3
1927   6     19.60     2
1927   7     19.10     3
1927   8     20.10     2
1927   9     19.50     2
1927  10     19.30     3
1927  11     20.10     3
1927  12     19.50     3
1928   1     19.60     3
1928   2     20.30     3
1928   3     20.00     3
1928   4     20.40     3
1928   5     19.90     3
1928   6     19.80     3
1928   7     20.00     2
1928   8     19.80     2
1928   9     19.60     2
1928  10     19.50     3
1928  11     19.70     3
1928  12     19.20     3
1929   1     19.90     3
1929   2     20.30     2
1929   3     20.10     3
1929   4     20.10     3
1929   5     19.60     3
1929   6     19.70     3
1929   7     19.60     2
1929   8     19.90     3
1929   9     19.80     2
1929  10     19.60     3
1929  11     19.90     3
1929  12     19.60     3
1930   1     19.60     2
1930   2     20.00     1
1930   3     20.70     2
1930   4     20.40     1
1930   5     19.70     1
1930   6     19.80     1
1930   7     20.00     1
1930   8     19.70     1
1930   9     19.70     1
1930  10     19.30     1
1930  11     20.30     2
1930  12     19.90     2
1931   1     20.40     3
1931   2     20.60     3
1931   3     21.10     3
1931   4     21.00     3
1931   5     20.40     3
1931   6     20.30     3
1931   7     19.80     3
1931   8     20.00     2
1931   9     19.70     3
1931  10     19.80     3
1931  11     19.90     2
1931  12     19.50     3
1932   1     19.90     3
1932   2     20.20     3
1932   3     20.00     3
1932   4     21.20     3
1932   5     19.60     3
1932   6     19.80     3
1932   7     19.70     3
1932   8     20.00     3
1932   9     19.60     3
1932  10     19.00     3
1932  11     19.90     3
1932  12     19.40     3
1933   1     20.20     5
1933   2     20.00     5
1933   3     20.50     5
1933   4     20.30     5
1933   5     20.40     5
1933   6     20.10     5
1933   7     20.70     5
1933   8     20.10     5
1933   9     20.20     5
1933  10     19.30     5
1933  11     19.70     5
1933  12     19.40     5
1934   1     19.60     5
1934   2     19.40     5
1934   3     19.60     5
1934   4     20.80     5
1934   5     20.30     5
1934   6     20.60     5
1934   7     20.10     5
1934   8     20.50     5
1934   9     20.80     5
1934  10     19.70     5
1934  11     20.00     5
1934  12     19.90     5
1935   1     19.90     5
1935   2     19.80     5
1935   3     20.50     5
1935   4     20.40     5
1935   5     19.80     5
1935   6     20.30     5
1935   7     20.40     5
1935   8     20.00     4
1935   9     19.90     5
1935  10     19.80     5
1935  11     19.90     5
1935  12     19.90     5
1936   1     20.10     5
1936   2     20.40     5
1936   3     20.90     5
1936   4     20.90     5
1936   5     20.50     5
1936   6     20.10     5
1936   7     20.30     5
1936   8     20.60     5
1936   9     20.40     5
1936  10     19.80     5
1936  11     20.70     5
1936  12     19.60     5
1937   1     19.80     3
1937   2     20.10     3
1937   3     21.00     3
1937   4     20.90     3
1937   5     20.10     3
1937   6     20.00     3
1937   7     20.10     3
1937   8     20.10     3
1937   9     19.70     3
1937  10     19.80     3
1937  11     20.20     3
1937  12     20.10     3
1938   1     20.10     5
1938   2     20.30     5
1938   3     19.80     6
1938   4     19.80     6
1938   5     19.80     6
1938   6     20.10     6
1938   7     20.20     6
1938   8     19.80     5
1938   9     20.00     6
1938  10     19.80     6
1938  11     19.70     6
1938  12     19.40     6
1939   1     19.70     6
1939   2     19.50     5
1939   3     19.80     6
1939   4     20.00     5
1939   5     20.30     6
1939   6     20.00     6
1939   7     20.20     6
1939   8     20.60     6
1939   9     20.30     6
1939  10     19.80     6
1939  11     20.10     5
1939  12     20.30     6
1940   1     19.30     7
1940   2     20.40     7
1940   3     20.20     7
1940   4     21.00     6
1940   5     21.10     6
1940   6     20.50     6
1940   7     20.90     6
1940   8     20.80     6
1940   9     20.30     6
1940  10     20.00     6
1940  11     20.10     6
1940  12     19.20     7
1941   1     20.00     8
1941   2     20.20     7
1941   3     21.00     8
1941   4     20.80     8
1941   5     21.30     8
1941   6     20.60     8
1941   7     20.60     7
1941   8     20.90     8
1941   9     20.80     8
1941  10     20.80     7
1941  11     21.20     8
1941  12     21.20     8
1942   1     19.90     8
1942   2     20.20     7
1942   3     20.50     8
1942   4     20.10     8
1942   5     20.00     7
1942   6     20.10     6
1942   7     20.00     6
1942   8     20.30     7
1942   9     20.20     7
1942  10     19.60     7
1942  11     19.50     8
1942  12     19.80     7
1943   1     19.90     8
1943   2     19.80     8
1943   3     19.40     8
1943   4     20.00     8
1943   5     19.60     8
1943   6     19.60     8
1943   7     19.90     8
1943   8     20.00     7
1943   9     20.60     8
1943  10     19.80     8
1943  11     20.20     8
1943  12     19.40     8
1944   1     19.50     8
1944   2     19.30     8
1944   3     19.90     8
1944   4     20.00     8
1944   5     19.70     8
1944   6     19.60     8
1944   7     20.40     8
1944   8     20.30     8
1944   9     19.80     8
1944  10     19.90     8
1944  11     19.60     8
1944  12     19.40     8
1945   1     19.50     8
1945   2     19.60     8
1945   3     20.20     8
1945   4     19.30     8
1945   5     18.90     8
1945   6     20.00     7
1945   7     20.00     7
1945   8     20.20     8
1945   9     20.20     8
1945  10     19.70     8
1945  11     20.00     8
1945  12     19.90     8
1946   1     19.80     8
1946   2     19.50     8
1946   3     19.90     8
1946   4     19.60     8
1946   5     19.80     8
1946   6     20.10     8
1946   7     20.10     8
1946   8     20.10     7
1946   9     20.20     8
1946  10     19.90     8
1946  11     19.90     8
1946  12     19.50     8
1947   1     20.20     8
1947   2     20.60     8
1947   3     20.90     8
1947   4     20.50     8
1947   5     20.20     8
1947   6     20.20     8
1947   7     20.00     8
1947   8     20.20     7
1947   9     20.20     8
1947  10     19.70     8
1947  11     20.50     8
1947  12     20.20     8
1948   1     20.20     5
1948   2     20.40     5
1948   3     20.70     5
1948   4     20.10     5
1948   5     20.30     5
1948   6     20.00     5
1948   7     19.90     5
1948   8     20.30     5
1948   9     20.60     5
1948  10     19.80     5
1948  11     20.50     5
1948  12     20.20     5
1949   1     19.70     5
1949   2     20.20     4
1949   3     20.50     4
1949   4     20.50     4
1949   5     20.20     5
1949   6     19.50     5
1949   7     19.40     5
1949   8     19.70     5
1949   9     19.70     5
1949  10     19.70     5
1949  11     19.90     5
1949  12     19.40     5
1950   1     18.90     6
1950   2     19.10     6
1950   3     19.20     6
1950   4     19.50     6
1950   5     19.30     5
1950   6     19.00     6
1950   7     19.20     5
1950   8     19.30     7
1950   9     20.10     7
1950  10     19.30     6
1950  11     19.70     7
1950  12     19.60     7
1951   1     18.50     8
1951   2     18.70     8
1951   3     19.30     8
1951   4     20.50     8
1951   5     20.00     8
1951   6     19.90     8
1951   7     19.80     8
1951   8     20.10     8
1951   9     20.00     8
1951  10     20.20     8
1951  11     20.00     8
1951  12     19.80     8
1952   1     19.60     8
1952   2     20.30     8
1952   3     20.40     8
1952   4     20.60     8
1952   5     20.60     8
1952   6     20.30     8
1952   7     20.00     8
1952   8     20.00     8
1952   9     20.10     8
1952  10     20.00     8
1952  11     19.80     8
1952  12     19.30     8
1953   1     19.50     8
1953   2     19.70     8
1953   3     19.70     8
1953   4     20.80     8
1953   5     20.00     8
1953   6     20.40     8
1953   7     20.40     8
1953   8     20.70     8
1953   9     19.80     8
1953  10     19.50     8
1953  11     20.10     8
1953  12     19.60     8
1954   1     19.50     8
1954   2     19.60     8
1954   3     20.40     8
1954   4     19.50     8
1954   5     19.90     8
1954   6     19.50     8
1954   7     19.30     8
1954   8     18.90     8
1954   9     19.60     8
1954  10     18.70     8
1954  11     19.10     8
1954  12     18.60     8
1955   1     19.10     8
1955   2     19.60     8
1955   3     19.10     8
1955   4     19.40     8
1955   5     19.80     8
1955   6     19.30     8
1955   7     19.40     8
1955   8     19.60     8
1955   9     19.10     8
1955  10     18.80     8
1955  11     19.60     8
1955  12     19.00     8
1956   1     18.40     8
1956   2     19.40     8
1956   3     20.00     8
1956   4     20.40     8
1956   5     19.70     8
1956   6     19.60     8
1956   7     19.80     8
1956   8     19.70     8
1956   9     19.80     8
1956  10     19.20     8
1956  11     19.70     8
1956  12     19.00     8
1957   1     19.10     8
1957   2     19.90     8
1957   3     20.30     8
1957   4     20.20     8
1957   5     19.90     8
1957   6     20.30     8
1957   7     20.30     8
1957   8     20.50     8
1957   9     20.20     8
1957  10     19.70     8
1957  11     20.40     8
1957  12     20.20     8
1958   1     20.90     8
1958   2     21.30     8
1958   3     22.30     8
1958   4     21.60     8
1958   5     20.80     8
1958   6     20.80     8
1958   7     20.80     8
1958   8     20.70     8
1958   9     21.00     8
1958  10     20.50     8
1958  11     20.40     8
1958  12     20.20     8
1959   1     20.50     8
1959   2     20.60     8
1959   3     21.20     8
1959   4     21.00     8
1959   5     19.90     8
1959   6     19.70     8
1959   7     20.30     8
1959   8     20.00     8
1959   9     20.20     8
1959  10     19.60     8
1959  11     19.80     8
1959  12     20.30     8
1960   1     20.10     8
1960   2     20.90     8
1960   3     20.40     8
1960   4     20.40     8
1960   5     20.30     8
1960   6     20.00     8
1960   7     20.00     8
1960   8     19.80     8
1960   9     19.80     8
1960  10     19.90     8
1960  11     20.20     8
1960  12     19.00     8
1961   1     19.90     8
1961   2     20.10     8
1961   3     20.50     8
1961   4     20.60     8
1961   5     20.80     8
1961   6     19.90     8
1961   7     19.70     8
1961   8     20.20     8
1961   9     19.60     8
1961  10     19.70     8
1961  11     19.30     8
1961  12     19.90     8
1962   1     19.70     8
1962   2     20.00     8
1962   3     19.90     8
1962   4     20.10     8
1962   5     19.70     8
1962   6     19.30     8
1962   7     20.50     8
1962   8     19.70     8
1962   9     20.00     8
1962  10     19.70     8
1962  11     19.70     8
1962  12     19.90     8
1963   1     19.70     8
1963   2     19.80     8
1963   3     20.20     8
1963   4     19.70     8
1963   5     19.40     8
1963   6     20.40     8
1963   7     20.10     8
1963   8     20.30     8
1963   9     20.30     8
1963  10     20.20     8
1963  11     19.80     8
1963  12     20.60     8
1964   1     20.40     8
1964   2     21.00     8
1964   3     21.00     8
1964   4     19.90     8
1964   5     20.30     8
1964   6     19.10     8
1964   7     19.50     8
1964   8     19.60     8
1964   9     19.60     8
1964  10     19.40     8
1964  11     19.80     8
1964  12     18.60     8
1965   1     18.80     8
1965   2     19.80     8
1965   3     20.50     8
1965   4     19.50     8
1965   5     19.40     8
1965   6     20.00     8
1965   7     20.50     8
1965   8     19.90     8
1965   9     19.90     8
1965  10     19.80     8
1965  11     19.80     8
1965  12     20.00     8
1966   1     21.00     8
1966   2     20.70     8
1966   3     20.70     8
1966   4     20.60     8
1966   5     20.20     8
1966   6     19.60     8
1966   7     20.20     8
1966   8     20.10     8
1966   9     19.90     8
1966  10     19.30     8
1966  11     19.20     8
1966  12     19.00     8
1967   1     19.50     8
1967   2     19.60     8
1967   3     19.40     8
1967   4     19.50     8
1967   5     19.60     8
1967   6     19.50     8
1967   7     19.40     8
1967   8     19.90     8
1967   9     19.60     8
1967  10     19.70     8
1967  11     19.60     8
1967  12     19.70     8
1968   1     19.40     8
1968   2     19.60     8
1968   3     19.80     8
1968   4     19.50     8
1968   5     19.50     8
1968   6     19.20     8
1968   7     19.80     8
1968   8     19.80     8
1968   9     19.50     8
1968  10     19.50     8
1968  11     20.20     8
1968  12     19.70     8
1969   1     19.80     8
1969   2     20.40     8
1969   3     21.70     8
1969   4     21.00     8
1969   5     21.30     8
1969   6     20.90     8
1969   7     20.90     8
1969   8     20.00     8
1969   9     20.00     8
1969  10     19.30     8
1969  11     19.90     8
1969  12     20.10     8
1970   1     20.10     8
1970   2     20.20     8
1970   3     20.70     8
1970   4     20.70     8
1970   5     20.00     8
1970   6     20.20     8
1970   7     19.80     8
1970   8     19.60     8
1970   9     19.10     8
1970  10     19.20     8
1970  11     19.10     8
1970  12     19.60     8
1971   1     19.10     8
1971   2     19.00     8
1971   3     19.20     8
1971   4     19.70     8
1971   5     19.10     8
1971   6     19.50     8
1971   7     19.70     8
1971   8     19.20     8
1971   9     19.00     8
1971  10     19.00     8
1971  11     19.40     8
1971  12     18.90     8
1972   1     19.20     8
1972   2     19.70     8
1972   3     19.90     8
1972   4     19.80     8
1972   5     19.80     8
1972   6     20.20     8
1972   7     20.60     8
1972   8     20.00     8
1972   9     20.60     8
1972  10     20.00     8
1972  11     20.40     8
1972  12     20.00     8
1973   1     21.30     8
1973   2     21.00     8
1973   3     21.40     8
1973   4     21.10     8
1973   5     20.50     8
1973   6     19.70     8
1973   7     20.10     8
1973   8     19.70     8
1973   9     19.00     8
1973  10     19.30     8
1973  11     19.30     8
1973  12     18.40     8
1974   1     18.60     8
1974   2     19.40     8
1974   3     18.80     8
1974   4     19.40     8
1974   5     19.30     8
1974   6     19.80     8
1974   7     19.90     8
1974   8     19.80     8
1974   9     18.80     8
1974  10     19.30     8
1974  11     19.50     8
1974  12     19.30     8
1975   1     19.40     8
1975   2     19.60     8
1975   3     20.10     8
1975   4     19.70     8
1975   5     19.40     8
1975   6     19.80     8
1975   7     19.10     8
1975   8     19.50     8
1975   9     18.90     8
1975  10     18.80     8
1975  11     18.90     8
1975  12     17.70     8
1976   1     18.90     8
1976   2     18.50     8
1976   3     18.90     8
1976   4     19.80     8
1976   5     19.60     8
1976   6     19.60     8
1976   7     20.00     8
1976   8     20.10     8
1976   9     20.30     8
1976  10     19.20     8
1976  11     20.00     8
1976  12     19.60     8
1977   1     20.20     8
1977   2     20.90     8
1977   3     20.90     8
1977   4     20.40     8
1977   5     20.00     8
1977   6     19.80     8
1977   7     20.30     8
1977   8     20.10     8
1977   9     20.20     8
1977  10     19.90     8
1977  11     20.20     8
1977  12     20.40     8
1978   1     20.10     8
1978   2     20.80     8
1978   3     20.30     8
1978   4     20.00     8
1978   5     20.40     8
1978   6     19.80     8
1978   7     20.00     8
1978   8     20.20     8
1978   9     19.90     8
1978  10     19.90     8
1978  11     20.40     8
1978  12     19.70     8
1979   1     19.70     8
1979   2     20.70     8
1979   3     20.30     8
1979   4     20.40     8
1979   5     19.90     8
1979   6     19.90     8
1979   7     20.30     8
1979   8     20.30     8
1979   9     19.40     8
1979  10     19.80     8
1979  11     19.80     8
1979  12     19.60     8
1980   1     20.40     8
1980   2     20.20     8
1980   3     21.40     8
1980   4     21.20     8
1980   5     21.20     8
1980   6     20.90     8
1980   7     20.50     8
1980   8     20.30     8
1980   9     20.10     8
1980  10     19.90     8
1980  11     19.80     8
1980  12     19.70     8
1981   1     20.00     8
1981   2     20.60     8
1981   3     20.70     8
1981   4     19.90     8
1981   5     19.50     8
1981   6     19.30     8
1981   7     19.90     8
1981   8     19.60     8
1981   9     19.30     8
1981  10     19.40     8
1981  11     20.20     8
1981  12     20.00     8
1982   1     19.80     8
1982   2     19.80     8
1982   3     20.00     8
1982   4     19.80     8
1982   5     19.70     8
1982   6     20.40     8
1982   7     20.30     8
1982   8     20.80     8
1982   9     20.20     8
1982  10     19.30     8
1982  11     20.10     8
1982  12     19.80     8
1983   1     21.20     8
1983   2     21.50     8
1983   3     21.70     8
1983   4     20.90     8
1983   5     20.70     8
1983   6     20.90     8
1983   7     20.70     8
1983   8     20.60     8
1983   9     20.30     8
1983  10     19.70     8
1983  11     20.60     8
1983  12     19.70     8
1984   1     19.40     8
1984   2     20.20     8
1984   3     20.30     8
1984   4     20.70     8
1984   5     19.70     8
1984   6     20.00     8
1984   7     19.60     8
1984   8     19.60     8
1984   9     18.80     8
1984  10     19.40     8
1984  11     19.70     8
1984  12     19.10     8
1985   1     19.30     8
1985   2     20.30     8
1985   3     20.10     8
1985   4     20.10     8
1985   5     20.00     8
1985   6     20.30     8
1985   7     20.20     8
1985   8     19.80     8
1985   9     19.70     8
1985  10     19.50     8
1985  11     19.40     8
1985  12     19.20     8
1986   1     19.70     8
1986   2     19.30     8
1986   3     20.00     8
1986   4     20.10     8
1986   5     20.00     8
1986   6     20.10     8
1986   7     20.50     8
1986   8     20.30     8
1986   9     19.80     8
1986  10     19.10     8
1986  11     19.80     8
1986  12     20.00     8
1987   1     20.00     8
1987   2     20.70     8
1987   3     21.00     8
1987   4     21.10     8
1987   5     20.30     8
1987   6     20.60     8
1987   7     20.60     8
1987   8     20.40     8
1987   9     20.00     8
1987  10     19.50     8
1987  11     20.50     8
1987  12     20.40     8
1988   1     20.30     8
1988   2     20.40     8
1988   3     20.70     8
1988   4     20.50     8
1988   5     20.70     8
1988   6     19.90     8
1988   7     20.20     8
1988   8     18.90     8
1988   9     19.30     8
1988  10     19.40     8
1988  11     19.60     8
1988  12     18.60     8
1989   1     19.10     8
1989   2     19.20     8
1989   3     19.40     8
1989   4     20.60     8
1989   5     20.00     8
1989   6     20.20     8
1989   7     20.50     8
1989   8     20.60     8
1989   9     19.60     8
1989  10     19.50     8
1989  11     20.30     8
1989  12     19.50     8
1990   1     19.90     8
1990   2     19.50     8
1990   3     20.00     8
1990   4     20.50     8
1990   5     20.20     8
1990   6     20.80     8
1990   7     20.40     8
1990   8     20.80     8
1990   9     20.40     8
1990  10     19.50     8
1990  11     20.30     8
1990  12     19.50     8
1991   1     19.70     8
1991   2     20.60     8
1991   3     20.70     8
1991   4     20.60     8
1991   5     20.50     8
1991   6     20.70     8
1991   7     20.60     8
1991   8     20.20     8
1991   9     20.30     8
1991  10     20.00     8
1991  11     20.30     8
1991  12     19.60     8
1992   1     20.60     8
1992   2     20.80     8
1992   3     21.30     8
1992   4     21.10     8
1992   5     20.70     8
1992   6     20.60     8
1992   7     20.00     8
1992   8     20.00     8
1992   9     19.50     8
1992  10     19.90     8
1992  11     20.00     8
1992  12     19.40     8
1993   1     20.00     8
1993   2     20.30     8
1993   3     20.60     8
1993   4     20.80     8
1993   5     20.00     8
1993   6     20.40     8
1993   7     20.50     8
1993   8     20.40     8
1993   9     19.60     8
1993  10     20.10     8
1993  11     20.30     8
1993  12     19.90     8
1994   1     20.00     8
1994   2     20.40     8
1994   3     20.50     8
1994   4     20.50     8
1994   5     20.30     8
1994   6     20.30     8
1994   7     20.10     8
1994   8     20.30     8
1994   9     20.40     8
1994  10     19.70     8
1994  11     20.40     8
1994  12     20.20     8
1995   1     20.70     8
1995   2     20.80     8
1995   3     20.60     8
1995   4     21.00     8
1995   5     20.70     8
1995   6     20.60     8
1995   7     20.70     8
1995   8     20.00     8
1995   9     20.30     8
1995  10     19.70     8
1995  11     20.50     8
1995  12     20.30     8
1996   1     20.30     8
1996   2     20.70     8
1996   3     21.10     8
1996   4     20.90     8
1996   5     20.30     8
1996   6     20.40     8
1996   7     20.30     8
1996   8     20.30     8
1996   9     20.30     8
1996  10     20.00     8
1996  11     19.90     8
1996  12     20.00     8
1997   1     20.00     8
1997   2     20.30     8
1997   3     20.10     8
1997   4     20.80     8
1997   5     20.80     8
1997   6     20.70     8
1997   7     20.70     8
1997   8     21.00     8
1997   9     20.50     8
1997  10     20.70     8
1997  11     21.00     8
1997  12     21.30     8
1998   1     21.80     8
1998   2     21.70     8
1998   3     21.70     8
1998   4     21.40     8
1998   5     21.00     8
1998   6     20.70     8
1998   7     20.70     8
1998   8     20.70     8
1998   9     20.40     8
1998  10     20.20     8
1998  11     20.20     8
1998  12     19.80     8
1999   1     20.00     8
1999   2     19.70     8
1999   3     20.30     8
1999   4     20.40     8
1999   5     20.40     8
1999   6     20.30     8
1999   7     20.20     8
1999   8     20.10     8
1999   9     19.50     8
1999  10     19.40     8
1999  11     20.10     8
1999  12     19.20     8
2000   1     19.10     8
2000   2     19.50     8
2000   3     19.70     8
2000   4     20.30     8
2000   5     20.20     8
2000   6     20.10     8
2000   7     20.10     8
2000   8     20.40     8
2000   9     19.70     8
2000  10     20.10     8
2000  11     19.80     8
2000  12     20.10     8
2001   1     20.10     8
2001   2     20.20     8
2001   3     20.60     8
2001   4     20.70     8
2001   5     20.70     8
2001   6     20.20     8
2001   7     20.60     8
2001   8     21.10     8
2001   9     20.30     8
2001  10     20.50     8
2001  11     20.30     8
2001  12     20.70     8
2002   1     20.50     8
2002   2     20.60     8
2002   3     20.60     8
2002   4     20.30     8
2002   5     20.60     8
2002   6     20.00     8
2002   7     20.80     8
2002   8     20.80     8
2002   9     20.60     8
2002  10     20.30     8
2002  11     20.90     8
2002  12     20.90     8
2003   1     21.10     8
2003   2     21.50     8
2003   3     21.30     8
2003   4     21.20     8
2003   5     21.20     8
2003   6     20.20     8
2003   7     20.50     8
2003   8     20.50     8
2003   9     20.20     8
2003  10     20.20     8
2003  11     20.60     8
2003  12     20.30     8
2004   1     20.20     8
2004   2     20.90     8
2004   3     21.30     8
2004   4     21.00     8
2004   5     20.20     8
2004   6     20.80     8
2004   7     20.60     8
2004   8     20.70     8
2004   9     19.70     8
2004  10     20.10     8
2004  11     20.00     8
2004  12     19.80     8
2005   1     19.90     8
2005   2     20.00     8
2005   3     21.70     8
2005   4     21.60     8
2005   5     20.60     8
2005   6     20.80     8
2005   7     21.20     8
2005   8     20.90     8
2005   9     20.70     8
2005  10     19.90     8
2005  11     19.70     8
2005  12     19.60     8
2006   1     19.90     8
2006   2     20.30     8
2006   3     20.20     8
2006   4     20.20     8
2006   5     20.10     8
2006   6     20.50     8
2006   7     20.60     8
2006   8     20.80     8
2006   9     20.70     8
2006  10     20.10     8
2006  11     20.00     8
2006  12     20.20     8
2007   1     20.50     8
2007   2     20.30     8
2007   3     20.90     8
2007   4     20.70     8
2007   5     20.80     8
2007   6     20.70     8
2007   7     20.90     8
2007   8     20.00     8
2007   9     19.70     8
2007  10     19.70     8
2007  11     20.30     8
2007  12     19.80     8
2008   1     19.90     8
2008   2     20.10     8
2008   3     20.30     8
2008   4     20.30     8
2008   5     19.80     8
2008   6     20.20     8
2008   7     20.10     8
2008   8     19.90     8
2008   9     20.10     8
2008  10     19.30     8
2008  11     19.90     8
2008  12     19.30     8
2009   1     20.00     8
2009   2     19.50     8
2009   3     19.50     8
2009   4     20.30     8
2009   5     20.20     8
2009   6     20.50     8
2009   7     20.40     8
2009   8     21.00     8
2009   9     20.90     8
2009  10     20.40     8
2009  11     20.90     8
2009  12     20.90     8
2010   1     21.50     8
2010   2     21.30     8
2010   3     22.40     8
2010   4     21.60     8
2010   5     21.00     8
2010   6     20.80     8
2010   7     20.40     8
2010   8     20.50     8
2010   9     19.80     8
2010  10     20.10     8
2010  11     20.00     8
2010  12     19.90     8
2011   1     20.10     8
2011   2     20.40     8
2011   3     19.60     8
2011   4     20.10     8
2011   5     20.20     8
2011   6     20.60     8
2011   7     20.70     8
2011   8     20.80     8
2011   9     20.70     8
2011  10     19.90     8
2011  11     20.30     8
2011  12     19.80     8
2012   1     20.10     8
2012   2     20.40     8
2012   3     20.70     8
2012   4     20.50     8
2012   5     20.70     8
2012   6     21.10     8
2012   7     21.30     8
2012   8     20.90     8
2012   9     21.10     8
2012  10     20.60     8
2012  11     20.60     8
2012  12     21.00     8
2013   1     21.00     8
2013   2     20.80     8
2013   3     21.40     8
2013   4     21.50     8
2013   5     20.70     8
2013   6     21.20     8
2013   7     21.20     8
2013   8     20.80     8
2013   9     20.80     8
2013  10     20.90     8
2013  11     21.00     8
2013  12     20.50     8
2014   1     20.80     8
2014   2     21.10     8
2014   3     21.30     8
2014   4     21.80     8
2014   5     20.90     8
2014   6     21.50     8
2014   7     21.70     8
2014   8     21.20     8
2014   9     21.00     8
2014  10     20.50     8
2014  11     20.90     8
2014  12     20.80     8
2015   1     21.10     8
2015   2     21.30     8
2015   3     21.10     8
2015   4     21.30     8
2015   5     21.60     8
2015   6     21.20     8
2015   7     21.70     8
2015   8     21.80     8
2015   9     21.40     8
2015  10     21.00     8
2015  11     21.10     8
2015  12     21.50     8
2016   1     21.90     8
2016   2     22.00     8
2016   3     21.50     8
2016   4     22.00     8
2016   5     21.50     8
2016   6     21.50     8
2016   7     21.50     8
2016   8     21.90     8
2016   9     21.20     8
2016  10     21.10     8
2016  11     20.70     8
2016  12     20.60     8
2017   1     19.80     7
2017   2     20.30     8
2017   3     20.00     8
2017   4     21.30     8
2017   5     20.80     8
2017   6     20.70     8
2017   7     21.00     8
2017   8     20.10     3
2017   9     20.90     4
2017  10     20.40     7
2017  11     20.70     8
2017  12     19.90     7
2018   1     19.80     7
2018   2     20.40     8
2018   3     20.70     8
2018   4     20.20     8
2018   5     20.00     7
2018   6     20.50     6
2018   7     20.70     6
2018   8     20.60     8
2018   9     20.40     7
2018  10     20.10     6
2018  11     20.60     5
2018  12     20.20     7
2019   1     20.60     8
2019   2     21.10     8
2019   3     20.90     8
2019   4     21.00     8
2019   5     20.60     8
2019   6     21.20     8
2019   7     21.10     8
2019   8     21.10     8
2019   9     20.80     8
2019  10     19.90     8
2019  11     20.80     7
2019  12     20.70     6
2020   1     20.80     7
2020   2     21.40     7
2020   3     21.40     6
2020   4     21.40     6
2020   5     20.90     6
2020   6     20.50     7
2020   7     20.50     6
2020   8     20.50     7
2020   9     20.10     7
2020  10     20.20     6
2020  11     20.30     6
2020  12     20.00     6
2021   1     20.10     6
2021   2     20.70     6
2021   3     19.80     5
2021   4     20.50     6
2021   5     20.40     5
2021   6     20.10     6
2021   7     20.60     7
2021   8     19.90     6
2021   9     20.00     7
2021  10     20.10     6
2021  11     20.20     8
2021  12     20.20     6
2022   1     20.10     7
2022   2     20.10     7
2022   3     20.10     7
2022   4     20.20     8
2022   5     20.20     6
2022   6     19.20     8
2022   7     20.20     7
2022   8     20.00     8
2022   9     19.80     8
2022  10     20.00     8
2022  11     19.90     8
2022  12     19.70     8
2023   1     19.60     8
2023   2     20.40     8
2023   3     20.10     8
2023   4     20.30     8
2023   5     21.10     8
2023   6     21.40     8
2023   7     21.30     8
2023   8     21.20     7
2023   9     21.10     8
2023  10     20.60     8
2023  11     21.00     8
2023  12     20.50     5