Half-degree cell series of precipitation
Centre Latitude:              6.25
Centre Longitude:           -75.75
CRU TS Version:               4.07
Units:                     mm/month 

  Yr  Mo     Value   N.Obs
1901   1     60.00     1
1901   2     83.90     1
1901   3    111.10     1
1901   4    138.10     1
1901   5    210.90     1
1901   6    107.40     1
1901   7    243.90     1
1901   8    401.50     1
1901   9    180.20     1
1901  10    349.80     1
1901  11    320.80     1
1901  12    121.20     1
1902   1    186.60     1
1902   2     72.30     1
1902   3    217.60     1
1902   4    183.10     1
1902   5    176.50     1
1902   6    123.10     1
1902   7     94.00     1
1902   8    150.20     1
1902   9    200.80     1
1902  10    209.90     1
1902  11    203.80     1
1902  12     84.30     1
1903   1     76.10     1
1903   2     74.80     1
1903   3     83.20     1
1903   4    198.80     1
1903   5    215.70     1
1903   6    298.10     1
1903   7     95.30     1
1903   8    391.10     1
1903   9    178.20     1
1903  10    185.10     1
1903  11    250.50     1
1903  12    179.00     1
1904   1     98.60     1
1904   2    102.50     1
1904   3    220.00     1
1904   4    279.60     1
1904   5    277.00     1
1904   6    120.10     1
1904   7    173.80     1
1904   8    167.00     1
1904   9    165.30     1
1904  10    300.10     1
1904  11    122.10     1
1904  12     83.70     1
1905   1    121.10     1
1905   2     50.80     1
1905   3    100.80     1
1905   4    210.30     1
1905   5    245.30     1
1905   6    175.40     1
1905   7    137.80     1
1905   8    120.00     1
1905   9    307.70     1
1905  10    265.20     1
1905  11    305.30     1
1905  12    227.10     1
1906   1     61.50     1
1906   2    104.40     1
1906   3    111.40     1
1906   4    283.70     1
1906   5    263.10     1
1906   6    244.60     1
1906   7    213.40     1
1906   8    178.30     1
1906   9    109.80     1
1906  10    276.30     1
1906  11    194.50     1
1906  12    111.60     1
1907   1     74.70     1
1907   2    145.70     1
1907   3    269.10     1
1907   4    299.90     1
1907   5    235.00     1
1907   6    201.90     1
1907   7    283.80     1
1907   8    189.90     1
1907   9    255.90     1
1907  10    237.40     1
1907  11    185.20     1
1907  12    133.80     1
1908   1    137.70     1
1908   2     88.20     1
1908   3    177.20     1
1908   4    185.20     1
1908   5    150.00     1
1908   6    142.50     1
1908   7    187.00     1
1908   8    243.30     1
1908   9    268.50     1
1908  10    443.20     1
1908  11    203.00     1
1908  12    196.40     1
1909   1     88.90     1
1909   2    148.10     1
1909   3     59.20     1
1909   4    212.00     1
1909   5    309.20     1
1909   6    222.00     1
1909   7    344.30     1
1909   8    252.80     1
1909   9    193.80     1
1909  10    244.50     1
1909  11    182.50     1
1909  12    116.60     1
1910   1    213.50     1
1910   2     86.40     1
1910   3    281.40     1
1910   4    174.20     1
1910   5    467.30     1
1910   6    251.70     1
1910   7    169.50     0
1910   8    169.40     1
1910   9    268.50     1
1910  10    369.30     1
1910  11    172.20     1
1910  12    199.80     1
1911   1     99.00     1
1911   2    161.40     1
1911   3    146.80     1
1911   4    284.40     1
1911   5    259.60     1
1911   6    179.30     1
1911   7    175.40     1
1911   8    130.60     1
1911   9     97.60     1
1911  10    162.50     1
1911  11    181.80     1
1911  12     95.30     1
1912   1    105.50     1
1912   2     92.60     1
1912   3    106.60     1
1912   4    201.60     1
1912   5    177.70     1
1912   6    129.60     1
1912   7    210.80     1
1912   8    421.70     1
1912   9    220.20     1
1912  10    230.30     1
1912  11    298.20     1
1912  12    159.20     1
1913   1     62.00     1
1913   2     69.10     1
1913   3    133.70     1
1913   4    356.40     1
1913   5    250.20     1
1913   6    171.60     1
1913   7    117.80     1
1913   8    130.30     1
1913   9    504.70     1
1913  10    264.90     1
1913  11    237.10     1
1913  12    152.90     1
1914   1     74.80     1
1914   2     65.50     1
1914   3     74.50     1
1914   4    276.30     1
1914   5    129.90     1
1914   6    119.90     1
1914   7    104.30     1
1914   8    196.30     1
1914   9    116.10     1
1914  10    276.40     1
1914  11    323.40     1
1914  12    175.50     1
1915   1     91.30     1
1915   2    119.50     1
1915   3     80.40     1
1915   4    235.40     1
1915   5    305.90     1
1915   6    213.20     1
1915   7    221.70     1
1915   8    422.90     1
1915   9    193.30     1
1915  10    291.90     1
1915  11    201.20     1
1915  12    124.30     1
1916   1     96.00     1
1916   2     66.90     1
1916   3    182.20     1
1916   4    254.80     1
1916   5    149.10     1
1916   6    305.20     1
1916   7    204.70     1
1916   8    223.20     1
1916   9    199.40     1
1916  10    281.20     1
1916  11    173.20     1
1916  12    133.60     1
1917   1    172.20     1
1917   2     94.80     1
1917   3    177.40     1
1917   4    306.00     1
1917   5    392.20     1
1917   6    216.20     1
1917   7    189.20     1
1917   8    369.70     1
1917   9    189.10     1
1917  10    197.40     1
1917  11    256.50     1
1917  12    152.60     1
1918   1    117.10     1
1918   2     94.10     1
1918   3    146.00     1
1918   4    350.70     1
1918   5    249.00     1
1918   6    123.10     1
1918   7    130.70     1
1918   8    130.60     1
1918   9    164.20     1
1918  10    315.80     1
1918  11    289.30     1
1918  12     72.40     1
1919   1    111.30     1
1919   2     65.40     1
1919   3     96.90     1
1919   4    218.90     1
1919   5    212.00     1
1919   6    185.40     1
1919   7    255.20     1
1919   8    247.90     1
1919   9    319.10     1
1919  10    186.60     1
1919  11    218.40     1
1919  12    186.60     1
1920   1     73.50     1
1920   2    101.60     1
1920   3    111.20     1
1920   4    149.50     1
1920   5    404.00     1
1920   6    158.80     1
1920   7    349.70     1
1920   8    203.60     1
1920   9    251.40     1
1920  10    397.00     1
1920  11    126.90     1
1920  12    150.70     1
1921   1    158.20     1
1921   2    136.60     1
1921   3    301.70     1
1921   4    238.70     1
1921   5    404.50     1
1921   6    257.80     1
1921   7    286.40     1
1921   8    161.50     1
1921   9    335.70     1
1921  10    344.30     1
1921  11    150.70     1
1921  12    203.60     1
1922   1     38.20     1
1922   2    135.30     1
1922   3    226.20     1
1922   4    180.30     1
1922   5    263.90     1
1922   6    391.80     1
1922   7    169.50     0
1922   8     98.60     1
1922   9    161.60     1
1922  10    224.40     1
1922  11    212.90     1
1922  12    162.30     1
1923   1     44.50     1
1923   2     47.00     1
1923   3    103.00     1
1923   4    165.90     1
1923   5    240.70     1
1923   6    133.50     1
1923   7    234.60     1
1923   8    242.70     1
1923   9    126.30     1
1923  10    214.10     1
1923  11    149.10     1
1923  12    189.50     1
1924   1     35.20     1
1924   2     39.60     1
1924   3    107.40     1
1924   4    133.90     1
1924   5    220.90     1
1924   6    225.30     1
1924   7    216.20     1
1924   8    138.60     1
1924   9    226.70     0
1924  10    293.30     1
1924  11    358.40     1
1924  12    186.90     1
1925   1     88.20     2
1925   2    117.30     2
1925   3    213.80     2
1925   4    355.00     2
1925   5    204.50     2
1925   6    163.60     2
1925   7    194.70     2
1925   8    243.20     2
1925   9    274.10     2
1925  10    179.10     2
1925  11    186.80     2
1925  12     87.70     2
1926   1     41.80     2
1926   2     68.90     2
1926   3    100.40     2
1926   4    138.10     2
1926   5    208.30     2
1926   6    271.70     2
1926   7    168.20     2
1926   8    236.00     2
1926   9    182.90     2
1926  10    335.10     2
1926  11    225.30     2
1926  12    222.10     2
1927   1    100.60     2
1927   2    103.60     2
1927   3    139.20     2
1927   4    205.00     2
1927   5    301.30     2
1927   6    192.80     2
1927   7    242.60     2
1927   8    234.90     2
1927   9    288.20     2
1927  10    275.10     2
1927  11    209.90     2
1927  12    107.60     2
1928   1     87.60     2
1928   2     92.00     2
1928   3    149.10     2
1928   4    177.90     2
1928   5    260.20     2
1928   6    188.70     2
1928   7    239.00     2
1928   8    193.40     2
1928   9    187.20     2
1928  10    176.60     2
1928  11    319.70     2
1928  12    207.20     2
1929   1     39.60     2
1929   2     39.10     2
1929   3    143.00     2
1929   4    244.30     2
1929   5    301.40     2
1929   6    219.60     2
1929   7    185.40     2
1929   8    144.50     2
1929   9    206.90     2
1929  10    222.80     2
1929  11    136.60     2
1929  12     67.20     2
1930   1    122.60     3
1930   2    115.20     3
1930   3    139.80     3
1930   4    215.60     3
1930   5    164.40     3
1930   6    230.70     3
1930   7    232.50     3
1930   8    193.90     3
1930   9    160.80     3
1930  10    292.20     3
1930  11    158.90     3
1930  12    108.80     3
1931   1     77.20     3
1931   2     97.00     3
1931   3    100.30     3
1931   4    182.90     3
1931   5    264.70     3
1931   6    220.50     3
1931   7    294.50     3
1931   8    147.90     3
1931   9    247.20     3
1931  10    223.70     3
1931  11    256.70     3
1931  12    162.00     3
1932   1    160.20     2
1932   2     83.80     2
1932   3     84.70     2
1932   4    154.10     2
1932   5    256.40     2
1932   6    179.40     2
1932   7    193.90     2
1932   8    166.20     2
1932   9    262.50     2
1932  10    314.90     2
1932  11    274.60     2
1932  12    162.80     2
1933   1     99.80     3
1933   2     50.90     3
1933   3    149.10     3
1933   4    267.00     3
1933   5    275.40     3
1933   6    226.20     3
1933   7    153.10     3
1933   8    230.50     3
1933   9    214.60     3
1933  10    256.80     3
1933  11    317.10     3
1933  12    232.40     3
1934   1    103.50     2
1934   2    119.90     2
1934   3    143.70     2
1934   4    130.30     2
1934   5    302.80     2
1934   6    195.30     2
1934   7    219.00     2
1934   8    155.30     2
1934   9    187.00     2
1934  10    305.30     2
1934  11    265.30     2
1934  12    123.80     2
1935   1    149.90     2
1935   2    135.10     2
1935   3    186.70     2
1935   4    222.40     2
1935   5    234.80     2
1935   6    227.70     2
1935   7    244.80     2
1935   8    282.40     2
1935   9    217.70     2
1935  10    250.40     2
1935  11    399.40     2
1935  12     77.00     2
1936   1     91.10     2
1936   2     68.70     2
1936   3    138.30     2
1936   4    148.60     2
1936   5    280.90     2
1936   6    227.60     2
1936   7    196.50     2
1936   8    223.60     2
1936   9    174.60     2
1936  10    285.60     2
1936  11    167.10     2
1936  12    207.40     2
1937   1    164.10     2
1937   2    100.00     2
1937   3    167.30     2
1937   4    139.30     2
1937   5    248.80     2
1937   6    155.90     2
1937   7    210.50     2
1937   8    168.00     2
1937   9    302.30     2
1937  10    253.80     2
1937  11    242.90     2
1937  12    178.70     2
1938   1    165.30     2
1938   2     79.40     2
1938   3    205.20     2
1938   4    339.20     2
1938   5    327.90     2
1938   6    157.40     2
1938   7    240.40     2
1938   8    246.90     2
1938   9    145.90     2
1938  10    354.10     2
1938  11    279.30     2
1938  12    200.90     2
1939   1     65.00     2
1939   2     48.60     2
1939   3    134.30     2
1939   4    149.00     2
1939   5    213.10     2
1939   6    201.10     2
1939   7    193.20     2
1939   8    172.00     2
1939   9    160.20     2
1939  10    303.80     2
1939  11    180.80     2
1939  12    141.20     2
1940   1    108.10     2
1940   2     82.10     2
1940   3     77.40     2
1940   4    148.20     2
1940   5    226.80     2
1940   6    169.20     2
1940   7    135.70     2
1940   8    148.50     2
1940   9    178.50     2
1940  10    301.90     2
1940  11    311.50     2
1940  12    147.60     2
1941   1    109.70     3
1941   2     79.50     3
1941   3     32.30     3
1941   4     80.00     3
1941   5     56.40     3
1941   6    100.30     3
1941   7     97.90     3
1941   8    144.70     3
1941   9    164.70     3
1941  10    119.60     3
1941  11    174.60     3
1941  12     86.60     3
1942   1     58.80     3
1942   2     60.50     3
1942   3    101.60     3
1942   4    168.50     3
1942   5    253.50     3
1942   6    136.10     3
1942   7    133.10     3
1942   8     95.10     3
1942   9    163.20     3
1942  10    200.70     3
1942  11    144.90     3
1942  12    120.90     3
1943   1    215.80     3
1943   2    109.40     3
1943   3     94.50     3
1943   4    201.00     3
1943   5    165.50     3
1943   6    230.10     3
1943   7    125.50     3
1943   8    294.80     3
1943   9     95.00     3
1943  10    286.30     3
1943  11    286.60     3
1943  12    109.40     3
1944   1     52.20     3
1944   2     66.20     3
1944   3    100.90     3
1944   4    108.50     3
1944   5    247.10     3
1944   6    223.30     3
1944   7     55.10     3
1944   8    129.50     3
1944   9     82.30     3
1944  10    256.30     3
1944  11    104.50     3
1944  12    104.10     3
1945   1     38.30     3
1945   2     44.00     3
1945   3     41.40     3
1945   4    186.00     3
1945   5    348.20     3
1945   6     59.00     3
1945   7    142.40     3
1945   8    192.60     3
1945   9    133.00     3
1945  10    216.00     3
1945  11    334.80     3
1945  12    248.30     3
1946   1    178.50     3
1946   2     76.20     3
1946   3    117.60     3
1946   4    189.70     3
1946   5    198.10     3
1946   6     54.10     3
1946   7    103.30     3
1946   8    100.20     3
1946   9    104.10     3
1946  10    276.80     3
1946  11    210.70     3
1946  12    101.10     3
1947   1    118.40     3
1947   2     67.80     3
1947   3     72.90     3
1947   4     94.50     3
1947   5    234.30     3
1947   6    204.40     3
1947   7    296.60     3
1947   8    189.30     3
1947   9    300.90     3
1947  10    372.10     3
1947  11    127.30     3
1947  12     84.40     3
1948   1     21.10     3
1948   2     51.90     3
1948   3     87.80     3
1948   4    310.40     3
1948   5    248.20     3
1948   6    119.40     3
1948   7    122.00     3
1948   8    150.10     3
1948   9    234.50     3
1948  10    195.70     3
1948  11    148.50     3
1948  12    107.80     3
1949   1     82.80     4
1949   2     65.30     4
1949   3    105.60     4
1949   4    115.10     4
1949   5    213.00     4
1949   6    247.30     4
1949   7    215.10     4
1949   8    255.00     4
1949   9    199.20     4
1949  10    300.40     4
1949  11    145.70     4
1949  12     83.20     4
1950   1    156.30     5
1950   2    177.70     5
1950   3    199.80     5
1950   4    227.40     5
1950   5    313.90     5
1950   6    391.90     5
1950   7    160.60     5
1950   8    311.80     5
1950   9    213.60     5
1950  10    303.70     5
1950  11    187.30     5
1950  12    204.90     5
1951   1    117.20     8
1951   2    147.40     8
1951   3    121.40     8
1951   4    244.20     8
1951   5    226.40     8
1951   6    175.70     8
1951   7    174.00     8
1951   8    167.50     8
1951   9    138.00     8
1951  10    271.50     8
1951  11    204.00     8
1951  12    139.90     8
1952   1    111.90     8
1952   2     54.20     8
1952   3    112.20     8
1952   4    260.70     8
1952   5    288.90     8
1952   6    196.40     8
1952   7    248.30     8
1952   8    154.50     8
1952   9    191.20     8
1952  10    133.60     8
1952  11    329.60     8
1952  12    174.50     8
1953   1    100.90     8
1953   2     72.60     8
1953   3    132.80     8
1953   4    160.10     8
1953   5    289.30     8
1953   6    208.60     8
1953   7     95.70     8
1953   8     48.30     8
1953   9    333.90     8
1953  10    272.00     8
1953  11    272.10     8
1953  12    142.70     8
1954   1     69.70     8
1954   2     85.30     8
1954   3    103.30     8
1954   4    175.80     8
1954   5    236.50     8
1954   6    238.80     8
1954   7    217.60     8
1954   8    162.10     8
1954   9    148.40     8
1954  10    301.80     8
1954  11    215.40     8
1954  12    186.00     8
1955   1     82.50     8
1955   2    108.30     8
1955   3    179.90     8
1955   4    328.40     8
1955   5    206.60     8
1955   6    279.00     8
1955   7    288.90     8
1955   8    176.10     8
1955   9    268.10     8
1955  10    341.40     8
1955  11    222.60     8
1955  12    250.50     8
1956   1    175.80     8
1956   2    185.80     8
1956   3    155.40     8
1956   4    172.40     8
1956   5    282.20     8
1956   6    246.70     8
1956   7    140.50     8
1956   8    202.90     8
1956   9    225.70     8
1956  10    364.30     8
1956  11    149.60     8
1956  12    217.70     8
1957   1     43.80     8
1957   2     90.90     8
1957   3    146.80     8
1957   4    230.90     8
1957   5    387.90     8
1957   6     93.50     8
1957   7    118.40     8
1957   8    121.50     8
1957   9    188.70     8
1957  10    366.70     8
1957  11    163.00     8
1957  12     83.00     8
1958   1     60.10     8
1958   2     51.20     8
1958   3     78.50     8
1958   4    191.80     8
1958   5    269.40     8
1958   6    103.20     8
1958   7     73.50     8
1958   8    168.60     8
1958   9     78.10     8
1958  10    192.70     8
1958  11    194.80     8
1958  12    144.10     8
1959   1     52.90     8
1959   2     23.30     8
1959   3     78.00     8
1959   4    121.00     8
1959   5    693.20     8
1959   6    224.70     8
1959   7    205.10     8
1959   8    222.30     8
1959   9    188.80     8
1959  10    220.70     8
1959  11    175.00     8
1959  12    133.90     8
1960   1    137.10     8
1960   2    106.30     8
1960   3    107.50     8
1960   4    168.30     8
1960   5    233.60     8
1960   6    154.50     8
1960   7    175.70     8
1960   8    300.50     8
1960   9    201.50     8
1960  10    271.80     8
1960  11    178.00     8
1960  12    210.70     8
1961   1     96.80     8
1961   2     54.90     8
1961   3    163.00     8
1961   4    197.90     8
1961   5    115.70     8
1961   6    202.40     8
1961   7    304.60     8
1961   8     63.00     8
1961   9    160.60     8
1961  10    240.20     8
1961  11    285.80     8
1961  12    109.40     8
1962   1     79.40     8
1962   2     69.00     8
1962   3    164.50     8
1962   4    165.20     8
1962   5    279.40     8
1962   6    279.20     8
1962   7    115.70     8
1962   8    205.10     8
1962   9    207.40     8
1962  10    221.00     8
1962  11    199.80     8
1962  12    168.30     8
1963   1     82.30     8
1963   2    153.30     8
1963   3    146.60     8
1963   4    234.00     8
1963   5    248.00     8
1963   6    160.80     8
1963   7    198.70     8
1963   8    181.40     8
1963   9    148.30     8
1963  10    206.10     8
1963  11    233.80     8
1963  12    106.90     8
1964   1     52.00     8
1964   2     79.50     8
1964   3     62.80     8
1964   4    246.90     8
1964   5    225.80     8
1964   6    265.40     8
1964   7    353.50     8
1964   8    200.60     8
1964   9    190.00     8
1964  10    211.30     8
1964  11    207.20     8
1964  12    121.40     8
1965   1     68.10     8
1965   2     68.80     8
1965   3     88.60     8
1965   4    226.20     8
1965   5    234.00     8
1965   6    105.80     8
1965   7     84.80     8
1965   8    186.20     8
1965   9    186.30     8
1965  10    251.30     8
1965  11    272.60     8
1965  12    115.40     8
1966   1     57.80     8
1966   2     73.10     8
1966   3    112.90     8
1966   4    163.90     8
1966   5    218.80     8
1966   6    276.90     8
1966   7    120.40     8
1966   8    247.30     8
1966   9    216.70     8
1966  10    219.70     8
1966  11    310.20     8
1966  12    167.60     8
1967   1     68.00     8
1967   2     84.00     8
1967   3    134.80     8
1967   4    192.30     8
1967   5    620.20     8
1967   6    238.90     8
1967   7    119.30     8
1967   8     70.70     8
1967   9    191.80     8
1967  10    215.80     8
1967  11    231.50     8
1967  12     91.40     8
1968   1     88.60     8
1968   2    133.10     8
1968   3    124.00     8
1968   4    217.50     8
1968   5    171.80     8
1968   6    252.10     8
1968   7    144.70     8
1968   8    164.20     8
1968   9    237.80     8
1968  10    273.10     8
1968  11    245.20     8
1968  12    102.50     8
1969   1    104.00     8
1969   2     55.10     8
1969   3     54.60     8
1969   4    281.20     8
1969   5    236.70     8
1969   6    186.00     8
1969   7     65.20     8
1969   8    215.60     8
1969   9    270.90     8
1969  10    330.80     8
1969  11    152.50     8
1969  12    136.20     8
1970   1    116.30     8
1970   2    106.80     8
1970   3     91.00     8
1970   4    401.10     8
1970   5    291.20     8
1970   6    209.10     8
1970   7    155.00     8
1970   8    185.90     8
1970   9    255.70     8
1970  10    348.30     8
1970  11    267.70     8
1970  12    144.00     8
1971   1    207.40     8
1971   2    164.00     8
1971   3    255.40     8
1971   4    209.30     8
1971   5    353.80     8
1971   6    223.30     8
1971   7    172.40     8
1971   8    281.30     8
1971   9    256.20     8
1971  10    201.10     8
1971  11    190.30     8
1971  12    128.80     8
1972   1    167.50     8
1972   2     73.60     8
1972   3    117.30     8
1972   4    199.90     8
1972   5    268.00     8
1972   6    229.90     8
1972   7     91.80     8
1972   8    192.90     8
1972   9    153.50     8
1972  10    176.00     8
1972  11    247.90     8
1972  12    121.50     8
1973   1     45.10     8
1973   2     85.90     8
1973   3     70.40     8
1973   4    117.30     8
1973   5    189.30     8
1973   6    191.70     8
1973   7    225.30     8
1973   8    292.70     8
1973   9    330.20     8
1973  10    552.60     8
1973  11    302.10     8
1973  12    280.10     8
1974   1    189.60     8
1974   2    197.10     8
1974   3    205.80     8
1974   4    381.70     8
1974   5    231.30     8
1974   6    209.80     8
1974   7    186.90     8
1974   8    237.70     8
1974   9    267.80     8
1974  10    278.50     8
1974  11    295.20     8
1974  12     90.10     8
1975   1     55.80     8
1975   2    164.30     8
1975   3    157.40     8
1975   4    329.80     8
1975   5    379.10     8
1975   6    181.70     8
1975   7    422.50     8
1975   8    234.90     8
1975   9    177.20     8
1975  10    621.10     8
1975  11    193.80     8
1975  12    227.70     8
1976   1     76.10     8
1976   2     95.10     8
1976   3    157.00     8
1976   4    194.40     8
1976   5    223.90     8
1976   6    174.20     8
1976   7    163.60     8
1976   8     84.70     8
1976   9    162.70     8
1976  10    268.70     8
1976  11    190.50     8
1976  12    116.00     8
1977   1     43.10     8
1977   2     54.50     8
1977   3    133.90     8
1977   4    306.70     8
1977   5    144.60     8
1977   6    194.70     8
1977   7    173.20     8
1977   8    216.30     8
1977   9    274.10     8
1977  10    234.30     8
1977  11    169.80     8
1977  12     92.30     8
1978   1     61.70     8
1978   2     62.70     8
1978   3    152.70     8
1978   4    254.40     8
1978   5    226.80     8
1978   6    212.70     8
1978   7    155.20     8
1978   8    124.70     8
1978   9    238.70     8
1978  10    200.20     8
1978  11    172.90     8
1978  12    159.60     8
1979   1     79.80     8
1979   2     87.30     8
1979   3    136.30     8
1979   4    219.10     8
1979   5    254.40     8
1979   6    218.30     8
1979   7    145.50     8
1979   8    270.20     8
1979   9    218.70     8
1979  10    248.00     8
1979  11    277.90     8
1979  12     89.80     8
1980   1    126.70     8
1980   2    110.30     8
1980   3     65.60     8
1980   4    267.10     8
1980   5    155.80     8
1980   6    228.90     8
1980   7     96.50     8
1980   8    181.40     8
1980   9    233.90     8
1980  10    185.40     8
1980  11    194.10     8
1980  12    165.50     8
1981   1     57.70     8
1981   2     97.30     8
1981   3    135.80     8
1981   4    272.70     8
1981   5    345.30     8
1981   6    219.30     8
1981   7    146.10     8
1981   8    277.10     8
1981   9    186.20     8
1981  10    510.00     8
1981  11    187.30     8
1981  12    150.30     8
1982   1    189.60     8
1982   2    123.20     8
1982   3    148.80     8
1982   4    257.30     8
1982   5    280.30     8
1982   6    104.80     8
1982   7     89.60     8
1982   8     95.90     8
1982   9    194.30     8
1982  10    264.30     8
1982  11    187.20     8
1982  12    160.10     8
1983   1     50.60     8
1983   2     64.20     8
1983   3    198.00     8
1983   4    300.90     8
1983   5    236.10     8
1983   6    128.50     8
1983   7    129.40     8
1983   8    106.20     8
1983   9    165.70     8
1983  10    200.70     8
1983  11    170.60     8
1983  12    201.90     8
1984   1    165.40     8
1984   2    132.20     8
1984   3    136.30     8
1984   4    215.00     8
1984   5    269.30     8
1984   6    304.70     8
1984   7    168.80     8
1984   8    331.20     8
1984   9    331.90     8
1984  10    281.00     8
1984  11    253.80     8
1984  12    115.10     8
1985   1    100.20     8
1985   2     36.30     8
1985   3    132.10     8
1985   4    137.40     8
1985   5    245.70     8
1985   6    121.20     8
1985   7    140.20     8
1985   8    304.00     8
1985   9    274.30     8
1985  10    232.60     8
1985  11    219.90     8
1985  12    129.00     8
1986   1    109.70     8
1986   2    155.90     8
1986   3    122.50     8
1986   4    228.60     8
1986   5    505.00     8
1986   6    192.20     8
1986   7     59.40     8
1986   8    151.50     8
1986   9    182.80     8
1986  10    382.40     8
1986  11    195.70     8
1986  12     55.70     8
1987   1     61.80     8
1987   2     41.90     8
1987   3    114.90     8
1987   4    188.90     8
1987   5    273.70     8
1987   6    117.10     8
1987   7    273.30     8
1987   8    153.90     8
1987   9    266.80     8
1987  10    336.00     8
1987  11    215.20     8
1987  12     94.70     8
1988   1     80.90     8
1988   2    123.00     8
1988   3     71.10     8
1988   4    225.90     8
1988   5    182.60     8
1988   6    193.00     8
1988   7    218.90     8
1988   8    390.20     8
1988   9    313.90     8
1988  10    245.10     8
1988  11    348.80     8
1988  12    225.30     8
1989   1    119.30     8
1989   2    116.60     8
1989   3    224.60     8
1989   4    157.40     8
1989   5    222.70     8
1989   6    215.00     8
1989   7    127.60     8
1989   8    208.80     8
1989   9    310.90     8
1989  10    218.60     8
1989  11    159.90     8
1989  12    145.50     8
1990   1     91.90     8
1990   2    111.00     8
1990   3    175.00     8
1990   4    197.40     8
1990   5    205.30     8
1990   6    135.90     8
1990   7    225.60     8
1990   8    150.40     8
1990   9    217.70     8
1990  10    316.90     8
1990  11    232.50     8
1990  12    167.60     8
1991   1     83.50     8
1991   2     50.80     8
1991   3    231.40     8
1991   4    152.70     8
1991   5    238.90     8
1991   6    157.30     8
1991   7    175.60     8
1991   8    177.90     8
1991   9    221.80     8
1991  10    158.50     8
1991  11    226.00     8
1991  12    144.00     8
1992   1     73.90     8
1992   2     60.80     8
1992   3     74.70     8
1992   4    117.60     8
1992   5    163.20     8
1992   6    112.40     8
1992   7    108.20     8
1992   8    164.80     8
1992   9    261.70     8
1992  10    116.30     8
1992  11    217.80     8
1992  12    144.30     8
1993   1    116.20     8
1993   2     97.90     8
1993   3    156.60     8
1993   4    205.40     8
1993   5    151.10     8
1993   6     60.40     8
1993   7    120.40     8
1993   8    162.90     8
1993   9    298.00     8
1993  10    182.40     8
1993  11    294.30     8
1993  12    158.50     8
1994   1    128.20     8
1994   2    121.30     8
1994   3    170.80     8
1994   4    198.70     8
1994   5    203.70     8
1994   6    159.70     8
1994   7    129.30     8
1994   8    123.00     8
1994   9    150.90     8
1994  10    235.90     8
1994  11    293.60     8
1994  12    105.20     8
1995   1     48.60     8
1995   2     64.30     8
1995   3    153.60     8
1995   4    198.30     8
1995   5    277.10     8
1995   6    226.90     8
1995   7    240.30     8
1995   8    221.80     8
1995   9    213.80     8
1995  10    217.00     8
1995  11    228.30     8
1995  12    198.90     8
1996   1    167.80     8
1996   2    137.00     8
1996   3    209.70     8
1996   4    174.10     8
1996   5    306.50     8
1996   6    242.60     8
1996   7    228.70     8
1996   8    246.10     8
1996   9    190.40     8
1996  10    247.00     8
1996  11    157.50     8
1996  12    128.70     8
1997   1    233.30     8
1997   2     86.70     8
1997   3    113.20     8
1997   4    187.30     8
1997   5    167.70     8
1997   6    272.10     8
1997   7     60.10     8
1997   8     57.90     8
1997   9    196.00     8
1997  10    145.40     8
1997  11    203.90     8
1997  12     64.60     8
1998   1     33.10     8
1998   2     96.10     8
1998   3    104.90     8
1998   4    194.90     8
1998   5    325.70     8
1998   6    169.50     8
1998   7    254.40     8
1998   8    236.00     8
1998   9    304.90     8
1998  10    268.80     8
1998  11    247.60     8
1998  12    248.40     8
1999   1    152.80     8
1999   2    212.40     8
1999   3    176.60     8
1999   4    200.70     8
1999   5    192.80     8
1999   6    287.80     8
1999   7    117.80     8
1999   8    216.20     8
1999   9    395.60     8
1999  10    301.90     8
1999  11    284.90     8
1999  12    204.60     8
2000   1    132.50     8
2000   2    198.80     8
2000   3    194.20     8
2000   4    163.90     8
2000   5    333.80     8
2000   6    259.00     8
2000   7    258.90     8
2000   8    206.40     8
2000   9    330.40     8
2000  10    204.80     8
2000  11    192.90     8
2000  12    151.50     8
2001   1    107.40     8
2001   2     65.40     7
2001   3    179.60     8
2001   4    103.20     8
2001   5    260.60     8
2001   6    183.30     8
2001   7    126.20     8
2001   8    182.40     8
2001   9    249.20     8
2001  10    165.10     8
2001  11    279.40     8
2001  12    201.20     8
2002   1     66.00     8
2002   2     39.20     8
2002   3    174.10     8
2002   4    269.70     8
2002   5    262.10     8
2002   6    197.80     8
2002   7    161.60     8
2002   8    176.40     8
2002   9    258.20     8
2002  10    200.50     8
2002  11    172.00     8
2002  12    164.10     8
2003   1     37.20     8
2003   2     73.00     8
2003   3    158.80     8
2003   4    203.60     8
2003   5    171.40     8
2003   6    257.70     8
2003   7    125.10     8
2003   8    222.40     7
2003   9    228.40     8
2003  10    230.90     8
2003  11    289.30     8
2003  12    148.90     8
2004   1     81.10     8
2004   2    123.40     8
2004   3     98.40     8
2004   4    247.40     8
2004   5    248.40     7
2004   6    148.70     8
2004   7    163.40     8
2004   8    160.70     8
2004   9    222.50     8
2004  10    283.20     1
2004  11    254.50     8
2004  12    148.20     8
2005   1    105.00     8
2005   2    120.70     7
2005   3    168.40     8
2005   4    189.10     8
2005   5    301.20     8
2005   6    177.90     8
2005   7    125.50     8
2005   8    235.60     8
2005   9    230.00     8
2005  10    281.30     8
2005  11    236.30     8
2005  12    178.80     8
2006   1    185.90     7
2006   2    115.90     8
2006   3    261.00     8
2006   4    218.30     8
2006   5    338.40     8
2006   6    304.90     7
2006   7    116.40     8
2006   8    185.90     8
2006   9    207.80     8
2006  10    270.60     8
2006  11    251.30     8
2006  12    194.30     8
2007   1     74.00     8
2007   2     47.50     8
2007   3    187.80     8
2007   4    249.30     8
2007   5    280.30     8
2007   6    225.70     8
2007   7    177.90     8
2007   8    302.90     7
2007   9    213.30     8
2007  10    270.30     8
2007  11    270.50     8
2007  12    194.50     8
2008   1     96.50     8
2008   2    138.20     8
2008   3    135.10     8
2008   4    208.60     8
2008   5    418.60     8
2008   6    290.60     8
2008   7    337.30     6
2008   8    302.90     6
2008   9    205.50     8
2008  10    248.70     8
2008  11    287.30     8
2008  12    233.50     7
2009   1    148.80     8
2009   2    129.50     8
2009   3    231.50     8
2009   4    145.00     8
2009   5    168.90     8
2009   6    209.80     8
2009   7    123.00     8
2009   8    237.80     7
2009   9    191.70     8
2009  10    285.40     7
2009  11    188.60     8
2009  12    137.30     8
2010   1     18.90     7
2010   2     74.60     7
2010   3    142.70     8
2010   4    285.80     8
2010   5    346.20     7
2010   6    256.40     8
2010   7    205.50     6
2010   8    194.90     6
2010   9    266.60     7
2010  10    237.70     8
2010  11    415.20     6
2010  12    300.90     6
2011   1    117.00     5
2011   2    173.40     8
2011   3    192.20     8
2011   4    309.80     6
2011   5    305.80     8
2011   6    279.10     8
2011   7    218.30     8
2011   8    182.60     8
2011   9    260.80     8
2011  10    350.50     8
2011  11    303.00     8
2011  12    307.60     8
2012   1    162.50     3
2012   2     90.00     8
2012   3    171.20     8
2012   4    274.20     8
2012   5    196.00     8
2012   6    150.70     8
2012   7    112.40     8
2012   8    180.90     8
2012   9    133.70     8
2012  10    239.10     8
2012  11    221.30     8
2012  12    137.50     8
2013   1     50.30     8
2013   2    181.00     8
2013   3    153.50     8
2013   4    152.50     8
2013   5    311.80     8
2013   6    145.80     8
2013   7     82.60     8
2013   8    265.90     8
2013   9    197.10     8
2013  10    227.70     8
2013  11    261.60     8
2013  12    190.50     8
2014   1    109.30     8
2014   2    128.90     8
2014   3    164.70     8
2014   4    196.90     8
2014   5    224.10     8
2014   6    157.40     8
2014   7     75.20     8
2014   8    158.20     8
2014   9    208.20     8
2014  10    227.30     8
2014  11    269.40     8
2014  12    180.40     8
2015   1    109.90     8
2015   2     91.70     8
2015   3    180.10     8
2015   4    178.50     8
2015   5    150.60     8
2015   6     84.50     8
2015   7    124.90     8
2015   8    161.70     8
2015   9    163.90     8
2015  10    183.50     8
2015  11    178.60     8
2015  12     50.40     8
2016   1     56.90     8
2016   2     45.80     8
2016   3    122.80     8
2016   4    206.90     8
2016   5    203.00     8
2016   6    115.00     8
2016   7    148.70     8
2016   8    213.50     8
2016   9    242.90     8
2016  10    214.30     8
2016  11    236.70     8
2016  12    219.10     8
2017   1    119.80     8
2017   2    123.40     7
2017   3    217.30     8
2017   4    180.80     8
2017   5    338.40     8
2017   6    253.30     8
2017   7     91.60     8
2017   8    298.10     7
2017   9    232.30     4
2017  10    276.60     1
2017  11    242.60     7
2017  12    163.40     8
2018   1    147.30     8
2018   2     92.10     8
2018   3    134.20     8
2018   4    221.80     8
2018   5    356.30     8
2018   6    202.30     8
2018   7    152.20     8
2018   8    181.90     8
2018   9    269.00     8
2018  10    250.80     8
2018  11    274.40     8
2018  12     71.50     8
2019   1     68.90     8
2019   2    101.60     8
2019   3    195.90     8
2019   4    213.60     8
2019   5    353.10     8
2019   6    177.60     8
2019   7    141.10     8
2019   8    121.20     8
2019   9    236.40     8
2019  10    240.70     8
2019  11    244.20     8
2019  12    149.40     8
2020   1     82.40     8
2020   2     94.70     8
2020   3    123.10     8
2020   4    143.50     8
2020   5    207.60     8
2020   6    226.00     8
2020   7    296.70     8
2020   8    232.80     8
2020   9    260.00     8
2020  10    164.90     8
2020  11    246.90     8
2020  12    201.60     8
2021   1    117.10     8
2021   2    113.70     8
2021   3    256.60     8
2021   4    179.90     8
2021   5    230.40     8
2021   6    278.40     8
2021   7    188.90     8
2021   8    371.30     8
2021   9    225.80     8
2021  10    252.80     8
2021  11    304.30     8
2021  12    117.40     8
2022   1    107.00     8
2022   2    193.30     8
2022   3    223.70     8
2022   4    260.50     8
2022   5    283.00     8
2022   6    366.40     8
2022   7    250.50     8
2022   8    236.50     8
2022   9    225.50     8
2022  10    294.60     8
2022  11    314.60     8
2022  12    110.40     8